1000
1001
1002
1003
1004
1005
1006
1007
1008
1009
100
1010
1011
1012
1013
1014
1015
1016
1017
1018
1019
101
1020
1021
1022
1023
1024
1025
1026
1027
1028
1029
102
1030
1031
1032
1033
1034
1035
1036
1037
1038
1039
103
1040
1041
1042
1043
1044
1045
1046
1047
1048
1049
104
1050
1051
1052
1053
1054
1055
1056
1057
1058
1059
105
1060
1061
1062
1063
1064
1065
1066
1067
1068
1069
106
1070
1071
1072
1073
1074
1075
1076
1077
1078
1079
107
1080
1081
1082
1083
1084
1085
1086
1087
1088
1089
108
1090
1091
1092
1093
1094
1095
1096
1097
1098
1099
109
10
1100
1101
1102
1103
1104
1105
1106
1107
1108
1109
110
1110
1111
1112
1113
1114
1115
1116
1117
1118
1119
111
1120
1121
1122
1123
1124
1125
1126
1127
1128
1129
112
1130
1131
1132
1133
1134
1135
1136
1137
1138
1139
113
1140
1141
1142
1143
1144
1145
1146
1147
1148
1149
114
1150
1151
1152
1153
1154
1155
1156
1157
1158
1159
115
1160
1161
1162
1163
1164
1165
1166
1167
1168
1169
116
1170
1171
1172
1173
1174
1175
1176
1177
1178
1179
117
1180
1181
1182
1183
1184
1185
1186
1187
1188
1189
118
1190
1191
1192
1193
1194
1195
1196
1197
1198
1199
119
11
1200
1201
1202
1203
1204
1205
1206
1207
1208
1209
120
1210
1211
1212
1213
1214
1215
1216
1217
1218
1219
121
1220
1221
1222
1223
1224
1225
1226
1227
1228
1229
122
1230
1231
1232
1233
1234
1235
1236
1237
1238
1239
123
1240
1241
1242
1243
1244
1245
1246
1247
1248
1249
124
1250
1251
1252
1253
1254
1255
1256
1257
1258
1259
125
1260
1261
1262
1263
1264
1265
1266
1267
1268
1269
126
1270
1271
1272
1273
1274
1275
1276
1277
1278
1279
127
1281
1282
1283
1284
1285
1286
1287
1288
1289
128
1290
1291
1292
1293
1296
1297
1298
1299
129
12
1300
1301
1302
1303
1304
1305
1306
1307
1308
1309
130
1310
1311
1312
1313
1314
1315
1316
1317
1318
1319
131
1320
1321
1322
1323
1324
1325
1326
1327
1328
1329
132
1330
1331
1332
1333
1334
1334
1335
1336
1337
1338
1339
133
1340
1341
1342
1343
1344
1345
1346
1347
1348
1349
134
1350
1351
1352
1353
1354
1355
1356
1357
1358
1359
135
1360
1363
1364
1365
1366
1367
1368
1369
136
1370
1371
1372
1373
1374
1375
1376
1377
1378
1379
137
1380
1381
1382
1383
1384
1385
1386
1387
1388
1389
138
1390
1391
1392
1393
1394
1395
1396
1397
1398
1399
139
13
1400
1401
1402
1403
1404
1405
1406
1407
1408
1409
140
1410
1411
1412
1413
1414
1415
1416
1417
1418
1419
141
1420
1421
1422
1423
1424
1425
1426
1427
1428
1429
142
1430
1431
1432
1433
1434
1435
1436
1437
1438
1439
143
1440
1441
1442
1443
1444
1445
1446
1447
1448
1449
144
1450
1451
1452
1453
1454
1455
1456
1457
1458
1459
145
1460
1461
1462
1463
1464
1465
1466
1466
1467
1468
1469
146
1470
1471
1472
1473
1474
1475
1476
1477
1478
1479
147
1480
1481
1482
1483
1484
1485
1486
1487
1488
1489
148
1490
1491
1492
1493
1494
1495
1496
1497
1498
1499
149
14
1500
1501
1502
1503
1504
1505
1506
1507
1508
1509
150
1510
1511
1512
1513
1514
1515
1516
1517
1518
1519
151
1520
1521
1522
1523
1524
1525
1526
1527
1528
1529
152
1530
1531
1532
1533
1534
1535
1536
1537
1538
1539
153
1540
1541
1542
1543
1544
1545
1546
1547
1548
1549
154
1550
1551
1552
1553
1554
1555
1556
1557
1558
1559
155
1560
1561
1562
1563
1564
1565
1566
1567
1568
1569
156
1570
1571
1572
1573
1574
1575
1576
1577
1578
1579
157
1580
1581
1582
1583
1584
1585
1586
1587
1588
1589
158
1590
1591
1592
1593
1594
1595
1596
1597
1598
1599
159
15
1600
1600
1601
1602
1603
1604
1605
1606
1607
1608
1609
160
1610
1611
1612
1613
1614
1615
1616
1617
1618
1619
161
1620
1621
1622
1623
1624
1625
1626
1627
1628
1629
162
1630
1631
1632
1633
1634
1635
1636
1637
1638
1639
163
1640
1641
1642
1643
1644
1645
1646
1647
1648
1649
164
1650
1651
1652
1653
1654
1655
1656
1657
1658
1659
165
1660
1661
1662
1663
1664
1665
1666
1667
1668
1669
166
1670
1671
1672
1673
1674
1675
1676
1677
1678
1679
1679
167
1680
1681
1682
1683
1684
1685
1686
1687
1688
1689
168
1690
1691
1692
1693
1694
1695
1696
1697
1698
1699
169
16
1700
1701
1702
1703
1704
1705
1706
1707
1708
1709
170
1710
1711
1712
1713
1714
1715
1716
1717
1718
1719
171
1720
1721
1722
1723
1724
1725
1726
1727
1728
1729
172
1730
1730
1731
1732
1733
1734
1735
1736
1737
1738
1739
173
1740
1741
1742
1743
1744
1745
1746
1747
1748
1749
174
1750
1751
1752
1753
1754
1755
1756
1757
1758
1759
175
1760
1761
1762
1763
1764
1765
1766
1767
1768
1769
176
1770
1771
1772
1773
1774
1775
1776
1777
1778
1779
177
1780
1781
1782
1783
1784
1785
1786
1787
1788
1789
178
1790
1791
1792
1793
1794
1795
1796
1797
1798
1799
179
17
1800
1801
1802
1803
1804
1805
1806
1807
1808
1809
180
1810
1811
1812
1813
1814
1815
1816
1817
1818
1819
181
1820
1821
1822
1823
1824
1825
1826
1827
1828
1829
182
1830
1831
1832
1833
1834
1835
1836
1837
1838
1839
183
1840
1841
1842
1843
1844
1845
1846
1847
1848
1849
184
1850
1851
1852
1853
1854
1855
1856
1857
1858
1859
185
1860
1861
1862
1863
1864
1865
1866
1867
1868
1869
186
1870
1871
1872
1873
1874
1875
1876
1877
1878
1879
187
1880
1881
1882
1883
1884
1885
1886
1887
1888
1889
188
1890
1891
1892
1893
1894
1895
1896
1897
1898
1899
189
18
1900
1901
1902
1903
1904
1905
1906
1907
1908
1909
190
1910
1911
1912
1913
1914
1915
1916
1917
1918
1919
191
1920
1921
1922
1923
1924
1925
1926
1927
1928
1929
192
1930
1931
1932
1933
1934
1935
1936
1937
1938
1938
1939
193
1940
1941
1942
1943
1944
1945
1946
1947
1948
1949
194
1950
1951
1952
1953
1954
1955
1956
1957
1958
1959
195
1960
1961
1962
1963
1964
1965
1966
1967
1968
1969
196
1970
1971
1972
1973
1974
1975
1976
1977
1978
1979
197
1980
1981
1982
1983
1984
1985
1986
1987
1988
1989
198
1990
1991
1992
1993
1994
1995
1996
1997
1998
1999
199
19
1
2000
2001
2002
2003
2004
2005
2006
2007
2008
2009
200
2010
2011
2012
2013
2014
2015
2016
2017
2018
2019
201
2020
2021
2022
2028
2029
202
2030
2031
2032
2033
2034
2035
2035
2036
2037
2038
2039
203
2040
2041
2042
2043
2044
2045
2046
2047
2048
2049
204
2050
2051
2052
2053
2054
2055
2056
2057
2058
2059
205
2060
2061
2062
2063
2064
2065
2066
2067
2068
2069
206
2070
2071
2072
2073
2074
2075
2076
2077
2078
2079
207
2080
2081
2082
2083
2084
2085
2086
2087
2088
2089
208
2090
2091
2092
2093
2094
2095
2096
2097
2098
2099
209
20
2100
2101
2102
2102
2103
2104
2105
2106
2107
2108
2109
210
2110
2111
2112
2113
2114
2115
2116
2117
2117
2118
2119
211
2120
2121
2122
2123
2124
2125
2126
2127
2128
2129
212
2130
2131
2132
2133
2134
2135
2136
2137
2138
2139
213
2140
2141
2142
2143
2144
2145
2146
2147
2148
2149
214
2150
2151
2152
2153
2154
2155
2156
2157
2158
2159
215
2160
2161
2162
2163
2164
2165
2166
2167
2168
2169
216
2170
2171
2172
2173
2174
2175
2176
2177
2178
2179
217
2180
2181
2182
2183
2184
2185
2186
2187
2188
2189
218
2190
2191
2192
2193
2194
2195
2196
2197
2198
2199
219
21
2200001
2200002
2200003
2200004
2200005
2200006
2200007
2200008
2200009
2200010
2200011
2200012
2200013
2200014
2200015
2200016
2200017
2200018
2200019
2200020
2200021
2200022
2200023
2200024
2200025
2200026
2200027
2200028
2200029
2200030
2200031
2200032
2200033
2200034
2200035
2200036
2200037
2200038
2200039
2200040
2200041
2200042
2200043
2200044
2200045
2200046
2200047
2200048
2200049
2200050
2200051
2200052
2200053
2200054
2200055
2200056
2200057
2200058
2200059
2200060
2200061
2200062
2200063
2200064
2200065
2200066
2200067
2200068
2200069
2200070
2200071
2200072
2200073
2200074
2200075
2200076
2200077
2200078
2200079
2200080
2200081
2200082
2200083
2200085
2200086
2200087
2200088
2200089
2200090
2200091
2200092
2200093
2200094
2200095
2200096
2200097
2200098
2200099
2200100
2200101
2200102
2200103
2200104
2200105
2200106
2200107
2200108
2200109
2200110
2200111
2200112
2200113
2200114
2200115
2200116
2200117
2200118
2200119
2200120
2200121
2200122
2200123
2200124
2200125
2200126
2200127
2200128
2200129
2200130
2200131
2200132
2200133
2200134
2200135
2200136
2200137
2200138
2200139
2200140
2200141
2200142
2200143
2200144
2200145
2200146
2200147
2200148
2200149
2200150
2200151
2200152
2200153
2200154
2200155
2200156
2200157
2200158
2200159
2200160
2200161
2200162
2200163
2200164
2200165
2200166
2200167
2200168
2200169
2200170
2200171
2200172
2200173
2200174
2200175
2200176
2200177
2200178
2200179
2200180
2200181
2200182
2200183
2200184
2200185
2200186
2200187
2200188
2200189
2200189
2200190
2200191
2200192
2200193
2200194
2200195
2200196
2200197
2200198
2200199
2200200
2200201
2200202
2200203
2200204
2200205
2200206
2200207
2200208
2200209
2200210
2200211
2200212
2200213
2200214
2200215
2200216
2200217
2200218
2200219
2200220
2200221
2200222
2200223
2200224
2200225
2200226
2200227
2200228
2200229
2200230
2200231
2200232
2200233
2200234
2200235
2200236
2200237
2200238
2200239
2200240
2200241
2200242
2200243
2200244
2200245
2200246
2200247
2200248
2200249
2200250
2200251
2200252
2200253
2200254
2200255
2200256
2200257
2200258
2200259
2200260
2200261
2200262
2200263
2200264
2200265
2200266
2200267
2200268
2200269
2200270
2200271
2200272
2200273
2200274
2200275
2200276
2200277
2200278
2200279
2200280
2200281
2200282
2200283
2200284
2200285
2200286
2200287
2200288
2200289
2200290
2200291
2200292
2200293
2200294
2200295
2200296
2200297
2200298
2200299
2200300
2200301
2200302
2200303
2200304
2200305
2200306
2200307
2200308
2200309
2200310
2200311
2200312
2200313
2200314
2200315
2200316
2200317
2200318
2200319
2200320
2200321
2200322
2200323
2200324
2200325
2200326
2200327
2200328
2200329
2200330
2200331
2200332
2200333
2200334
2200335
2200336
2200337
2200338
2200339
2200340
2200341
2200342
2200343
2200344
2200345
2200346
2200347
2200348
2200349
2200350
2200351
2200352
2200353
2200354
2200355
2200356
2200357
2200358
2200359
2200360
2200361
2200362
2200363
2200364
2200365
2200366
2200367
2200368
2200369
2200370
2200371
2200372
2200373
2200374
2200375
2200376
2200377
2200378
2200379
2200380
2200381
2200382
2200383
2200384
2200385
2200386
2200387
2200388
2200389
2200390
2200391
2200392
2200393
2200394
2200395
2200396
2200397
2200398
2200399
2200400
2200401
2200402
2200403
2200404
2200405
2200406
2200407
2200408
2200409
2200410
2200411
2200412
2200413
2200414
2200415
2200416
2200417
2200418
2200419
2200420
2200420
2200421
2200422
2200423
2200424
2200425
2200426
2200427
2200428
2200429
2200430
2200431
2200432
2200433
2200434
2200435
2200436
2200437
2200438
2200439
2200440
2200441
2200442
2200443
2200444
2200445
2200446
2200447
2200448
2200449
2200450
2200451
2200452
2200453
2200454
2200455
2200456
2200457
2200458
2200459
2200460
2200461
2200462
2200463
2200464
2200465
2200466
2200467
2200468
2200469
2200470
2200471
2200472
2200473
2200474
2200475
2200476
2200477
2200478
2200479
2200480
2200481
2200482
2200483
2200484
2200485
2200486
2200487
2200488
2200489
2200490
2200491
2200492
2200493
2200494
2200495
2200496
2200497
2200498
2200499
2200500
2200501
2200502
2200503
2200504
2200505
2200506
2200507
2200508
2200509
2200510
2200511
2200511
2200512
2200513
2200514
2200515
2200516
2200517
2200518
2200519
2200520
2200521
2200522
2200523
2200524
2200525
2200526
2200527
2200529
2200530
2200531
2200532
2200533
2200534
2200535
2200536
2200537
2200538
2200539
2200540
2200541
2200542
2200543
2200544
2200545
2200546
2200547
2200548
2200549
2200550
2200551
2200552
2200553
2200554
2200555
2200556
2200557
2200558
2200559
2200560
2200561
2200562
2200563
2200564
2200565
2200566
2200567
2200568
2200569
2200570
2200571
2200572
2200573
2200574
2200575
2200576
2200577
2200578
2200579
2200580
2200581
2200582
2200583
2200584
2200585
2200586
2200587
2200588
2200589
2200590
2200590
2200591
2200592
2200593
2200594
2200594
2200595
2200596
2200597
2200598
2200599
2200600
2200601
2200602
2200603
2200604
2200605
2200606
2200607
2200608
2200609
2200610
2200611
2200612
2200613
2200614
2200615
2200616
2200617
2200618
2200619
2200620
2200621
2200622
2200623
2200624
2200625
2200626
2200627
2200628
2200629
2200630
2200631
2200632
2200633
2200634
2200635
2200636
2200637
2200638
2200639
2200640
2200641
2200642
2200643
2200644
2200645
2200646
2200647
2200648
2200649
2200650
2200651
2200652
2200653
2200654
2200655
2200656
2200657
2200658
2200660
2200662
2200663
2200664
2200665
2200666
2200667
2200668
2200669
2200670
2200671
2200672
2200673
2200674
2200675
2200676
2200677
2200678
2200679
2200680
2200681
2200682
2200683
2200684
2200685
2200686
2200687
2200688
2200689
2200690
2200691
2200692
2200693
2200694
2200695
2200696
2200697
2200698
2200699
2200700
2200701
2200702
2200703
2200704
2200705
2200706
2200707
2200708
2200709
2200710
2200711
2200712
2200713
2200714
2200715
2200716
2200717
2200718
2200719
2200720
2200721
2200722
2200723
2200724
2200725
2200726
2200727
2200728
2200729
2200730
2200731
2200732
2200733
2200734
2200735
2200736
2200737
2200738
2200739
2200740
2200741
2200742
2200743
2200744
2200745
2200746
2200747
2200748
2200749
2200750
2200751
2200752
2200753
2200754
2200755
2200756
2200757
2200758
2200759
2200760
2200761
2200762
2200763
2200764
2200765
2200766
2200767
2200768
2200769
2200770
2200771
2200772
2200773
2200774
2200775
2200776
2200777
2200778
2200779
2200780
2200781
2200782
2200783
2200784
2200785
2200786
2200787
2200788
2200789
2200790
2200791
2200792
2200793
2200794
2200795
2200796
2200797
2200798
2200799
2200800
2200801
2200802
2200803
2200804
2200805
2200806
2200807
2200808
2200809
2200810
2200811
2200812
2200813
2200814
2200815
2200815
2200816
2200817
2200818
2200819
2200820
2200821
2200822
2200823
2200824
2200825
2200826
2200827
2200828
2200829
2200830
2200831
2200832
2200833
2200834
2200835
2200836
2200837
2200838
2200839
2200840
2200841
2200842
2200843
2200844
2200845
2200846
2200847
2200848
2200849
2200850
2200851
2200852
2200853
2200854
2200855
2200856
2200857
2200858
2200859
2200860
2200861
2200862
2200863
2200864
2200865
2200866
2200867
2200868
2200869
2200870
2200871
2200872
2200873
2200874
2200875
2200876
2200877
2200878
2200879
2200880
2200881
2200882
2200883
2200884
2200885
2200886
2200887
2200888
2200889
2200890
2200891
2200892
2200893
2200894
2200895
2200896
2200897
2200898
2200899
2200900
2200901
2200902
2200903
2200904
2200905
2200906
2200907
2200908
2200909
2200910
2200911
2200912
2200913
2200914
2200915
2200916
2200917
2200918
2200919
2200920
2200921
2200922
2200923
2200924
2200925
2200926
2200927
2200928
2200929
2200930
2200931
2200932
2200933
2200934
2200935
2200936
2200937
2200938
2200939
2200940
2200941
2200942
2200943
2200944
2200945
2200946
2200947
2200948
2200949
2200950
2200951
2200952
2200953
2200954
2200955
2200956
2200957
2200958
2200959
2200960
2200961
2200962
2200963
2200964
2200965
2200967
2200968
2200969
2200970
2200971
2200972
2200973
2200974
2200975
2200976
2200977
2200978
2200979
2200980
2200981
2200982
2200983
2200984
2200985
2200986
2200987
2200988
2200989
2200990
2200991
2200992
2200993
2200994
2200995
2200996
2200997
2200998
2200999
2200
2201000
2201001
2201002
2201003
2201004
2201005
2201006
2201007
2201008
2201009
2201010
2201011
2201012
2201013
2201014
2201015
2201016
2201017
2201018
2201019
2201020
2201021
2201022
2201023
2201024
2201025
2201026
2201027
2201028
2201029
2201030
2201031
2201032
2201033
2201034
2201035
2201036
2201037
2201038
2201039
2201040
2201041
2201042
2201043
2201044
2201045
2201046
2201047
2201048
2201049
2201050
2201051
2201052
2201053
2201054
2201055
2201056
2201057
2201058
2201059
2201060
2201061
2201062
2201063
2201064
2201065
2201066
2201067
2201068
2201069
2201070
2201071
2201072
2201073
2201074
2201075
2201076
2201077
2201078
2201079
2201080
2201081
2201082
2201083
2201084
2201085
2201086
2201087
2201088
2201089
2201090
2201091
2201092
2201093
2201094
2201095
2201096
2201097
2201098
2201099
2201100
2201101
2201102
2201103
2201104
2201105
2201106
2201107
2201108
2201109
2201110
2201111
2201112
2201113
2201114
2201115
2201116
2201117
2201118
2201119
2201120
2201121
2201122
2201123
2201124
2201125
2201126
2201127
2201128
2201129
2201130
2201131
2201132
2201133
2201134
2201135
2201136
2201137
2201138
2201139
2201140
2201141
2201142
2201143
2201144
2201145
2201146
2201147
2201148
2201149
2201150
2201151
2201152
2201153
2201154
2201155
2201156
2201157
2201158
2201159
2201160
2201161
2201162
2201163
2201164
2201165
2201166
2201167
2201168
2201169
2201170
2201171
2201172
2201173
2201174
2201175
2201176
2201177
2201178
2201179
2201181
2201182
2201183
2201184
2201185
2201186
2201187
2201188
2201189
2201190
2201191
2201192
2201193
2201194
2201195
2201196
2201197
2201198
2201199
2201200
2201202
2201203
2201204
2201205
2201206
2201207
2201208
2201209
2201210
2201211
2201212
2201213
2201214
2201215
2201216
2201217
2201218
2201219
2201220
2201221
2201222
2201223
2201223
2201224
2201225
2201226
2201227
2201228
2201229
2201230
2201231
2201232
2201233
2201233
2201234
2201235
2201237
2201238
2201239
2201240
2201241
2201242
2201243
2201244
2201245
2201246
2201247
2201248
2201249
2201250
2201251
2201252
2201253
2201254
2201255
2201256
2201257
2201258
2201258
2201259
2201260
2201261
2201262
2201263
2201264
2201265
2201265
2201266
2201266
2201267
2201268
2201269
2201270
2201271
2201272
2201273
2201274
2201275
2201276
2201277
2201278
2201279
2201280
2201281
2201282
2201283
2201284
2201285
2201286
2201287
2201288
2201290
2201291
2201292
2201293
2201294
2201295
2201296
2201297
2201298
2201299
2201301
2201302
2201303
2201304
2201305
2201306
2201307
2201308
2201309
2201310
2201311
2201312
2201313
2201314
2201315
2201316
2201317
2201318
2201319
2201320
2201321
2201322
2201323
2201324
2201325
2201326
2201327
2201328
2201329
2201330
2201331
2201332
2201333
2201334
2201335
2201336
2201337
2201338
2201339
2201340
2201341
2201341
2201342
2201343
2201344
2201345
2201346
2201347
2201348
2201349
2201350
2201351
2201352
2201353
2201354
2201355
2201356
2201357
2201358
2201359
2201360
2201361
2201362
2201363
2201364
2201365
2201366
2201367
2201368
2201369
2201370
2201371
2201372
2201373
2201374
2201375
2201376
2201377
2201378
2201379
2201380
2201381
2201382
2201383
2201384
2201385
2201386
2201387
2201388
2201389
2201390
2201391
2201392
2201393
2201394
2201395
2201396
2201397
2201398
2201399
2201400
2201401
2201402
2201403
2201404
2201405
2201406
2201407
2201408
2201409
2201410
2201411
2201412
2201413
2201414
2201415
2201416
2201417
2201418
2201419
2201420
2201421
2201422
2201423
2201424
2201425
2201426
2201427
2201428
2201429
2201430
2201431
2201432
2201433
2201434
2201435
2201436
2201437
2201438
2201439
2201440
2201441
2201442
2201443
2201444
2201445
2201446
2201447
2201448
2201449
2201450
2201451
2201452
2201453
2201454
2201455
2201456
2201457
2201458
2201459
2201460
2201461
2201462
2201463
2201464
2201465
2201466
2201467
2201468
2201469
2201470
2201471
2201472
2201473
2201474
2201475
2201476
2201477
2201478
2201479
2201480
2201482
2201482
2201483
2201484
2201485
2201486
2201487
2201488
2201489
2201490
2201491
2201492
2201493
2201494
2201495
2201496
2201497
2201498
2201499
2201500
2201501
2201502
2201502
2201503
2201504
2201505
2201506
2201507
2201508
2201509
2201510
2201511
2201512
2201513
2201513
2201514
2201515
2201516
2201517
2201518
2201519
2201520
2201521
2201522
2201523
2201524
2201525
2201526
2201527
2201528
2201529
2201530
2201531
2201532
2201533
2201534
2201535
2201536
2201537
2201538
2201539
2201540
2201541
2201542
2201543
2201544
2201545
2201546
2201547
2201548
2201549
2201550
2201551
2201552
2201553
2201554
2201555
2201556
2201557
2201558
2201559
2201560
2201561
2201562
2201563
2201564
2201565
2201566
2201567
2201568
2201569
2201570
2201571
2201572
2201573
2201574
2201575
2201576
2201577
2201578
2201578
2201579
2201580
2201581
2201582
2201583
2201584
2201585
2201586
2201587
2201588
2201589
2201590
2201591
2201592
2201593
2201594
2201595
2201596
2201597
2201598
2201599
2201600
2201601
2201602
2201603
2201604
2201605
2201606
2201607
2201608
2201609
2201609
2201610
2201611
2201612
2201613
2201614
2201615
2201616
2201617
2201618
2201619
2201620
2201621
2201622
2201623
2201624
2201625
2201626
2201627
2201628
2201629
2201630
2201631
2201632
2201633
2201634
2201635
2201636
2201637
2201638
2201639
2201640
2201641
2201642
2201643
2201644
2201645
2201646
2201647
2201648
2201649
2201650
2201651
2201652
2201653
2201654
2201655
2201656
2201657
2201658
2201659
2201660
2201662
2201663
2201664
2201665
2201666
2201667
2201668
2201669
2201669
2201670
2201671
2201672
2201673
2201674
2201675
2201676
2201677
2201678
2201679
2201680
2201681
2201682
2201683
2201684
2201685
2201686
2201687
2201688
2201689
2201690
2201690
2201691
2201692
2201693
2201694
2201695
2201696
2201697
2201698
2201699
2201700
2201701
2201702
2201703
2201704
2201705
2201706
2201707
2201708
2201709
2201710
2201711
2201712
2201713
2201714
2201715
2201716
2201717
2201718
2201719
2201720
2201721
2201722
2201723
2201724
2201725
2201726
2201727
2201728
2201729
2201730
2201731
2201732
2201733
2201734
2201735
2201736
2201737
2201738
2201739
2201740
2201741
2201742
2201743
2201744
2201745
2201746
2201747
2201748
2201749
2201750
2201751
2201752
2201753
2201755
2201756
2201757
2201758
2201759
2201760
2201761
2201762
2201763
2201764
2201765
2201766
2201767
2201767
2201769
2201770
2201771
2201772
2201773
2201774
2201775
2201776
2201777
2201778
2201779
2201780
2201781
2201782
2201783
2201784
2201785
2201786
2201787
2201788
2201789
2201790
2201791
2201792
2201793
2201794
2201795
2201796
2201797
2201798
2201799
2201800
2201801
2201802
2201803
2201804
2201805
2201806
2201807
2201808
2201809
2201810
2201811
2201812
2201813
2201814
2201815
2201816
2201817
2201818
2201819
2201820
2201821
2201822
2201823
2201824
2201825
2201826
2201827
2201828
2201829
2201830
2201831
2201832
2201833
2201834
2201835
2201836
2201837
2201838
2201839
2201840
2201841
2201842
2201843
2201844
2201845
2201846
2201847
2201848
2201849
2201850
2201851
2201852
2201853
2201854
2201855
2201857
2201858
2201859
2201860
2201861
2201862
2201863
2201864
2201865
2201866
2201867
2201868
2201869
2201870
2201871
2201872
2201873
2201874
2201875
2201876
2201877
2201878
2201879
2201880
2201881
2201882
2201883
2201884
2201885
2201886
2201887
2201888
2201889
2201890
2201891
2201892
2201893
2201894
2201895
2201896
2201897
2201898
2201899
2201900
2201901
2201902
2201903
2201904
2201905
2201906
2201907
2201908
2201909
2201910
2201911
2201912
2201913
2201914
2201915
2201916
2201917
2201918
2201919
2201920
2201921
2201922
2201923
2201924
2201925
2201926
2201927
2201928
2201929
2201930
2201931
2201932
2201933
2201934
2201935
2201936
2201937
2201938
2201939
2201940
2201941
2201942
2201943
2201944
2201945
2201946
2201947
2201948
2201949
2201950
2201951
2201952
2201953
2201954
2201955
2201956
2201957
2201958
2201959
2201960
2201961
2201962
2201963
2201964
2201965
2201966
2201967
2201968
2201969
2201970
2201971
2201972
2201973
2201974
2201975
2201976
2201977
2201978
2201979
2201980
2201981
2201982
2201983
2201984
2201985
2201986
2201987
2201988
2201989
2201990
2201991
2201992
2201993
2201994
2201995
2201996
2201997
2201998
2201999
2201
2202000
2202001
2202002
2202003
2202004
2202005
2202006
2202007
2202008
2202009
2202010
2202011
2202012
2202013
2202014
2202015
2202016
2202017
2202018
2202019
2202020
2202021
2202022
2202023
2202024
2202025
2202026
2202027
2202028
2202029
2202030
2202031
2202032
2202032
2202033
2202034
2202035
2202036
2202037
2202038
2202039
2202040
2202041
2202042
2202043
2202044
2202045
2202046
2202047
2202048
2202049
2202050
2202051
2202052
2202053
2202054
2202055
2202056
2202057
2202058
2202059
2202060
2202061
2202062
2202063
2202064
2202065
2202066
2202067
2202068
2202069
2202070
2202071
2202072
2202073
2202074
2202075
2202076
2202077
2202078
2202079
2202080
2202081
2202082
2202083
2202084
2202085
2202086
2202087
2202088
2202089
2202090
2202091
2202092
2202093
2202094
2202095
2202096
2202097
2202098
2202099
2202100
2202101
2202102
2202103
2202104
2202105
2202106
2202107
2202108
2202109
2202110
2202111
2202112
2202113
2202114
2202115
2202116
2202117
2202118
2202119
2202120
2202121
2202122
2202123
2202124
2202125
2202126
2202127
2202128
2202129
2202130
2202131
2202132
2202133
2202134
2202135
2202136
2202137
2202138
2202139
2202140
2202141
2202142
2202143
2202144
2202145
2202146
2202147
2202148
2202149
2202150
2202151
2202152
2202153
2202154
2202155
2202156
2202157
2202158
2202159
2202160
2202161
2202162
2202163
2202164
2202165
2202166
2202167
2202168
2202169
2202170
2202171
2202172
2202173
2202174
2202175
2202176
2202177
2202178
2202179
2202180
2202181
2202182
2202183
2202184
2202185
2202186
2202187
2202188
2202189
2202189
2202190
2202191
2202192
2202193
2202194
2202195
2202196
2202197
2202198
2202199
2202200
2202201
2202202
2202203
2202204
2202205
2202206
2202207
2202208
2202209
2202210
2202211
2202212
2202213
2202214
2202215
2202216
2202217
2202218
2202219
2202220
2202221
2202222
2202223
2202224
2202225
2202226
2202227
2202228
2202229
2202230
2202231
2202232
2202233
2202234
2202235
2202236
2202237
2202238
2202239
2202239
2202240
2202241
2202242
2202243
2202244
2202245
2202246
2202247
2202248
2202249
2202250
2202251
2202252
2202253
2202254
2202255
2202256
2202257
2202258
2202259
2202260
2202261
2202262
2202263
2202264
2202265
2202266
2202267
2202268
2202269
2202270
2202271
2202272
2202272
2202273
2202274
2202275
2202276
2202277
2202278
2202279
2202280
2202282
2202283
2202284
2202285
2202286
2202287
2202288
2202289
2202290
2202291
2202292
2202293
2202294
2202295
2202296
2202297
2202298
2202299
2202300
2202301
2202302
2202303
2202304
2202305
2202306
2202307
2202308
2202309
2202310
2202310
2202311
2202312
2202313
2202314
2202315
2202316
2202317
2202318
2202319
2202320
2202321
2202322
2202323
2202324
2202325
2202326
2202327
2202328
2202329
2202330
2202331
2202332
2202333
2202334
2202335
2202336
2202337
2202338
2202339
2202340
2202341
2202342
2202343
2202344
2202345
2202346
2202347
2202348
2202349
2202350
2202352
2202353
2202354
2202355
2202356
2202357
2202358
2202359
2202360
2202361
2202362
2202363
2202364
2202365
2202366
2202367
2202368
2202369
2202370
2202371
2202372
2202373
2202374
2202375
2202376
2202377
2202378
2202379
2202380
2202381
2202382
2202383
2202384
2202385
2202386
2202387
2202387
2202388
2202389
2202390
2202391
2202392
2202393
2202394
2202395
2202396
2202397
2202398
2202399
2202400
2202401
2202402
2202403
2202404
2202405
2202406
2202407
2202408
2202409
2202410
2202411
2202412
2202413
2202414
2202415
2202416
2202417
2202418
2202419
2202420
2202421
2202422
2202423
2202424
2202425
2202426
2202427
2202428
2202429
2202430
2202431
2202432
2202433
2202434
2202435
2202436
2202437
2202438
2202439
2202440
2202441
2202442
2202443
2202444
2202445
2202446
2202447
2202448
2202449
2202450
2202451
2202452
2202453
2202454
2202455
2202456
2202457
2202458
2202459
2202460
2202461
2202462
2202463
2202464
2202465
2202466
2202467
2202468
2202469
2202470
2202471
2202472
2202473
2202474
2202475
2202476
2202477
2202478
2202479
2202480
2202481
2202482
2202483
2202484
2202485
2202486
2202487
2202488
2202489
2202490
2202491
2202492
2202493
2202494
2202495
2202496
2202497
2202498
2202499
2202500
2202501
2202502
2202503
2202504
2202505
2202506
2202507
2202508
2202509
2202510
2202511
2202512
2202513
2202514
2202515
2202516
2202517
2202518
2202519
2202520
2202521
2202522
2202523
2202524
2202525
2202526
2202527
2202528
2202529
2202530
2202531
2202532
2202533
2202534
2202535
2202536
2202537
2202538
2202539
2202540
2202541
2202542
2202543
2202544
2202545
2202546
2202547
2202548
2202549
2202550
2202551
2202552
2202553
2202554
2202555
2202556
2202557
2202558
2202559
2202560
2202561
2202562
2202563
2202564
2202565
2202566
2202567
2202568
2202569
2202570
2202571
2202572
2202573
2202574
2202575
2202576
2202577
2202578
2202579
2202580
2202581
2202582
2202583
2202584
2202585
2202586
2202587
2202588
2202589
2202590
2202591
2202592
2202593
2202594
2202595
2202596
2202597
2202597
2202598
2202599
2202600
2202600
2202601
2202601
2202602
2202603
2202604
2202605
2202606
2202607
2202608
2202609
2202610
2202611
2202612
2202613
2202614
2202615
2202616
2202617
2202618
2202619
2202620
2202621
2202622
2202623
2202624
2202625
2202626
2202627
2202628
2202629
2202630
2202631
2202632
2202633
2202634
2202635
2202636
2202637
2202638
2202639
2202640
2202641
2202642
2202643
2202644
2202645
2202646
2202647
2202648
2202649
2202650
2202651
2202652
2202653
2202654
2202655
2202656
2202657
2202658
2202659
2202660
2202661
2202662
2202663
2202664
2202665
2202666
2202667
2202668
2202669
2202670
2202671
2202672
2202673
2202674
2202675
2202676
2202677
2202678
2202679
2202680
2202681
2202682
2202683
2202684
2202685
2202686
2202687
2202688
2202689
2202690
2202691
2202692
2202693
2202694
2202695
2202696
2202697
2202698
2202699
2202700
2202701
2202702
2202703
2202704
2202705
2202706
2202707
2202708
2202709
2202710
2202711
2202712
2202713
2202714
2202715
2202716
2202717
2202718
2202719
2202720
2202721
2202722
2202723
2202724
2202725
2202726
2202727
2202728
2202729
2202730
2202731
2202732
2202733
2202734
2202735
2202736
2202737
2202738
2202739
2202740
2202741
2202742
2202743
2202744
2202745
2202746
2202747
2202748
2202749
2202750
2202751
2202752
2202753
2202754
2202755
2202756
2202757
2202758
2202759
2202760
2202761
2202762
2202763
2202764
2202765
2202766
2202767
2202768
2202769
2202770
2202771
2202772
2202773
2202774
2202775
2202776
2202777
2202778
2202779
2202780
2202781
2202782
2202783
2202784
2202785
2202786
2202787
2202788
2202789
2202790
2202791
2202792
2202793
2202794
2202795
2202796
2202797
2202798
2202799
2202800
2202801
2202802
2202803
2202804
2202805
2202806
2202807
2202808
2202809
2202810
2202811
2202812
2202813
2202814
2202815
2202816
2202817
2202818
2202819
2202820
2202821
2202822
2202823
2202824
2202825
2202826
2202827
2202828
2202829
2202830
2202831
2202832
2202833
2202834
2202835
2202836
2202837
2202838
2202839
2202840
2202841
2202842
2202843
2202844
2202845
2202846
2202847
2202848
2202849
2202850
2202851
2202852
2202853
2202853
2202854
2202855
2202856
2202857
2202858
2202859
2202860
2202861
2202862
2202863
2202864
2202865
2202866
2202867
2202868
2202869
2202870
2202871
2202872
2202873
2202874
2202875
2202876
2202877
2202878
2202879
2202880
2202881
2202882
2202883
2202884
2202885
2202886
2202887
2202888
2202889
2202890
2202891
2202892
2202893
2202894
2202895
2202896
2202897
2202898
2202899
2202900
2202901
2202902
2202903
2202904
2202905
2202906
2202907
2202908
2202909
2202910
2202911
2202912
2202913
2202914
2202915
2202916
2202917
2202918
2202919
2202920
2202921
2202922
2202923
2202924
2202925
2202926
2202927
2202928
2202929
2202930
2202931
2202932
2202933
2202934
2202935
2202936
2202937
2202938
2202939
2202940
2202941
2202942
2202943
2202944
2202945
2202946
2202947
2202948
2202949
2202950
2202951
2202952
2202953
2202954
2202955
2202956
2202957
2202958
2202959
2202960
2202961
2202962
2202963
2202964
2202965
2202966
2202967
2202968
2202969
2202970
2202971
2202972
2202973
2202974
2202975
2202976
2202977
2202978
2202979
2202980
2202981
2202982
2202983
2202984
2202985
2202986
2202987
2202988
2202989
2202990
2202991
2202992
2202993
2202994
2202995
2202996
2202997
2202998
2202999
2202
2203000
2203001
2203002
2203003
2203004
2203005
2203006
2203007
2203008
2203009
2203010
2203011
2203012
2203013
2203014
2203015
2203016
2203017
2203018
2203019
2203020
2203020
2203021
2203022
2203023
2203024
2203025
2203026
2203027
2203028
2203029
2203030
2203031
2203032
2203033
2203034
2203035
2203036
2203037
2203038
2203039
2203040
2203041
2203042
2203043
2203044
2203045
2203046
2203047
2203048
2203049
2203050
2203051
2203052
2203053
2203054
2203055
2203056
2203057
2203058
2203059
2203060
2203061
2203062
2203063
2203064
2203065
2203066
2203067
2203068
2203069
2203070
2203071
2203072
2203073
2203074
2203075
2203076
2203077
2203078
2203079
2203080
2203081
2203082
2203083
2203084
2203085
2203086
2203087
2203088
2203089
2203090
2203091
2203092
2203093
2203094
2203095
2203096
2203097
2203098
2203099
2203100
2203101
2203102
2203103
2203104
2203105
2203106
2203107
2203108
2203109
2203110
2203111
2203112
2203113
2203114
2203115
2203116
2203117
2203118
2203119
2203120
2203121
2203122
2203123
2203124
2203125
2203126
2203127
2203128
2203129
2203130
2203131
2203132
2203133
2203134
2203135
2203136
2203137
2203138
2203139
2203140
2203141
2203142
2203143
2203144
2203145
2203146
2203147
2203148
2203149
2203150
2203151
2203152
2203153
2203154
2203155
2203156
2203157
2203158
2203160
2203161
2203162
2203163
2203164
2203165
2203166
2203167
2203168
2203169
2203170
2203171
2203172
2203173
2203174
2203175
2203175
2203176
2203177
2203178
2203179
2203180
2203181
2203182
2203183
2203184
2203185
2203186
2203187
2203188
2203189
2203190
2203191
2203192
2203193
2203194
2203195
2203196
2203197
2203198
2203199
2203200
2203201
2203202
2203203
2203204
2203205
2203206
2203207
2203208
2203209
2203210
2203211
2203212
2203213
2203214
2203215
2203216
2203217
2203218
2203219
2203220
2203221
2203222
2203223
2203224
2203225
2203226
2203227
2203228
2203229
2203230
2203231
2203232
2203233
2203234
2203235
2203236
2203237
2203238
2203239
2203240
2203241
2203242
2203243
2203244
2203245
2203246
2203247
2203248
2203249
2203250
2203251
2203252
2203253
2203254
2203255
2203256
2203257
2203258
2203259
2203260
2203261
2203262
2203263
2203264
2203265
2203266
2203267
2203268
2203269
2203270
2203271
2203272
2203273
2203274
2203275
2203276
2203277
2203278
2203279
2203280
2203281
2203282
2203283
2203284
2203285
2203286
2203287
2203288
2203289
2203290
2203291
2203292
2203293
2203294
2203295
2203296
2203297
2203298
2203299
2203300
2203301
2203302
2203303
2203304
2203305
2203306
2203307
2203308
2203309
2203310
2203311
2203312
2203313
2203314
2203315
2203316
2203317
2203318
2203319
2203320
2203321
2203322
2203323
2203324
2203325
2203326
2203327
2203328
2203329
2203330
2203331
2203332
2203333
2203334
2203335
2203336
2203337
2203338
2203339
2203340
2203341
2203342
2203343
2203344
2203345
2203346
2203347
2203348
2203349
2203350
2203351
2203352
2203353
2203354
2203355
2203356
2203357
2203358
2203359
2203360
2203361
2203362
2203363
2203364
2203365
2203366
2203367
2203368
2203369
2203370
2203371
2203372
2203373
2203374
2203375
2203376
2203377
2203378
2203379
2203380
2203381
2203382
2203383
2203384
2203385
2203386
2203387
2203388
2203389
2203390
2203391
2203392
2203393
2203394
2203395
2203396
2203397
2203398
2203399
2203400
2203401
2203402
2203403
2203404
2203405
2203406
2203407
2203408
2203409
2203410
2203411
2203412
2203413
2203414
2203415
2203416
2203417
2203418
2203419
2203420
2203421
2203422
2203423
2203424
2203425
2203426
2203427
2203428
2203429
2203429
2203430
2203431
2203432
2203433
2203434
2203435
2203436
2203437
2203438
2203439
2203440
2203441
2203442
2203443
2203443
2203444
2203445
2203446
2203447
2203448
2203449
2203450
2203451
2203452
2203453
2203454
2203455
2203456
2203457
2203458
2203459
2203460
2203461
2203462
2203463
2203464
2203465
2203466
2203467
2203468
2203469
2203470
2203471
2203472
2203473
2203474
2203475
2203476
2203477
2203478
2203479
2203480
2203481
2203482
2203483
2203484
2203485
2203486
2203487
2203488
2203489
2203490
2203491
2203492
2203493
2203494
2203495
2203496
2203497
2203498
2203499
2203500
2203501
2203502
2203503
2203504
2203505
2203506
2203507
2203508
2203509
2203510
2203511
2203512
2203513
2203514
2203515
2203516
2203517
2203518
2203519
2203520
2203521
2203522
2203523
2203524
2203525
2203526
2203527
2203528
2203529
2203530
2203531
2203532
2203533
2203534
2203535
2203536
2203537
2203538
2203539
2203540
2203541
2203542
2203543
2203544
2203545
2203546
2203547
2203548
2203549
2203550
2203551
2203552
2203553
2203554
2203555
2203556
2203557
2203558
2203560
2203561
2203562
2203563
2203564
2203565
2203566
2203567
2203568
2203569
2203570
2203571
2203572
2203573
2203574
2203575
2203576
2203577
2203578
2203579
2203580
2203581
2203582
2203583
2203584
2203585
2203586
2203587
2203588
2203589
2203590
2203591
2203592
2203593
2203594
2203595
2203596
2203597
2203598
2203599
2203600
2203601
2203602
2203603
2203604
2203605
2203606
2203607
2203608
2203609
2203610
2203611
2203612
2203613
2203614
2203615
2203616
2203617
2203618
2203619
2203620
2203621
2203622
2203623
2203624
2203625
2203626
2203627
2203628
2203629
2203630
2203631
2203631
2203632
2203633
2203634
2203635
2203636
2203636
2203636
2203637
2203638
2203639
2203640
2203641
2203642
2203643
2203644
2203645
2203646
2203647
2203648
2203649
2203650
2203651
2203652
2203653
2203654
2203655
2203656
2203657
2203658
2203659
2203660
2203661
2203662
2203663
2203664
2203665
2203666
2203667
2203668
2203669
2203670
2203671
2203672
2203673
2203674
2203675
2203676
2203677
2203678
2203679
2203680
2203681
2203682
2203683
2203684
2203685
2203686
2203687
2203688
2203689
2203690
2203691
2203692
2203693
2203694
2203695
2203696
2203697
2203698
2203699
2203700
2203701
2203702
2203703
2203704
2203705
2203706
2203707
2203708
2203709
2203710
2203711
2203712
2203713
2203714
2203715
2203716
2203717
2203718
2203719
2203720
2203721
2203722
2203723
2203724
2203725
2203726
2203727
2203728
2203729
2203730
2203731
2203732
2203733
2203734
2203735
2203736
2203737
2203738
2203739
2203740
2203741
2203742
2203743
2203744
2203745
2203746
2203747
2203748
2203749
2203750
2203751
2203752
2203753
2203754
2203755
2203755
2203756
2203757
2203758
2203759
2203760
2203761
2203762
2203763
2203764
2203765
2203766
2203767
2203768
2203769
2203770
2203771
2203772
2203773
2203774
2203775
2203776
2203777
2203778
2203779
2203780
2203780
2203781
2203782
2203783
2203784
2203785
2203786
2203787
2203788
2203789
2203790
2203791
2203792
2203793
2203794
2203795
2203796
2203797
2203798
2203799
2203800
2203801
2203802
2203803
2203804
2203805
2203806
2203807
2203808
2203809
2203810
2203811
2203812
2203813
2203814
2203815
2203816
2203817
2203818
2203819
2203820
2203821
2203822
2203823
2203824
2203825
2203826
2203827
2203828
2203829
2203830
2203831
2203832
2203833
2203834
2203835
2203836
2203837
2203838
2203839
2203840
2203841
2203842
2203843
2203844
2203845
2203846
2203847
2203848
2203849
2203850
2203851
2203852
2203853
2203854
2203855
2203856
2203857
2203858
2203859
2203860
2203861
2203862
2203863
2203864
2203865
2203866
2203867
2203868
2203869
2203870
2203871
2203872
2203873
2203874
2203875
2203876
2203877
2203878
2203879
2203880
2203881
2203882
2203883
2203884
2203885
2203886
2203887
2203888
2203889
2203890
2203891
2203891
2203892
2203893
2203894
2203895
2203895
2203896
2203897
2203898
2203899
2203900
2203901
2203902
2203903
2203904
2203905
2203906
2203907
2203908
2203909
2203910
2203911
2203912
2203913
2203914
2203915
2203916
2203917
2203918
2203919
2203920
2203921
2203922
2203923
2203924
2203925
2203926
2203927
2203928
2203929
2203930
2203931
2203932
2203933
2203934
2203935
2203936
2203937
2203938
2203939
2203940
2203941
2203942
2203943
2203944
2203945
2203946
2203947
2203948
2203949
2203950
2203951
2203952
2203953
2203954
2203955
2203956
2203957
2203958
2203959
2203960
2203961
2203962
2203962
2203963
2203964
2203965
2203966
2203967
2203968
2203969
2203970
2203971
2203972
2203973
2203974
2203975
2203976
2203977
2203978
2203979
2203980
2203981
2203982
2203983
2203984
2203985
2203986
2203987
2203988
2203989
2203990
2203991
2203992
2203993
2203994
2203995
2203996
2203997
2203998
2203999
2203
2204000
2204001
2204002
2204003
2204004
2204005
2204006
2204007
2204008
2204009
2204010
2204011
2204012
2204013
2204014
2204015
2204016
2204017
2204018
2204019
2204020
2204021
2204022
2204023
2204024
2204025
2204026
2204027
2204028
2204029
2204030
2204031
2204032
2204033
2204034
2204035
2204036
2204037
2204038
2204039
2204040
2204041
2204042
2204043
2204044
2204045
2204046
2204047
2204048
2204049
2204050
2204051
2204052
2204053
2204054
2204055
2204056
2204057
2204058
2204059
2204060
2204061
2204062
2204063
2204064
2204065
2204066
2204067
2204068
2204069
2204070
2204071
2204072
2204073
2204074
2204075
2204076
2204077
2204078
2204079
2204080
2204081
2204082
2204083
2204084
2204085
2204086
2204087
2204088
2204089
2204090
2204091
2204092
2204093
2204094
2204095
2204096
2204097
2204098
2204099
2204100
2204101
2204102
2204103
2204104
2204105
2204106
2204107
2204108
2204109
2204110
2204111
2204112
2204113
2204114
2204115
2204116
2204117
2204118
2204119
2204120
2204121
2204122
2204123
2204124
2204125
2204126
2204127
2204128
2204129
2204130
2204131
2204132
2204133
2204134
2204135
2204136
2204137
2204138
2204139
2204140
2204141
2204142
2204143
2204144
2204145
2204146
2204147
2204148
2204149
2204150
2204151
2204152
2204153
2204154
2204155
2204156
2204157
2204158
2204159
2204160
2204161
2204162
2204163
2204164
2204165
2204166
2204167
2204168
2204169
2204170
2204171
2204172
2204173
2204174
2204175
2204176
2204177
2204178
2204179
2204180
2204181
2204182
2204183
2204184
2204185
2204186
2204187
2204189
2204190
2204191
2204192
2204193
2204194
2204195
2204196
2204197
2204198
2204199
2204200
2204201
2204202
2204203
2204204
2204205
2204206
2204207
2204208
2204209
2204210
2204211
2204212
2204213
2204214
2204215
2204216
2204217
2204218
2204219
2204220
2204221
2204222
2204223
2204224
2204225
2204226
2204227
2204228
2204229
2204230
2204231
2204232
2204233
2204234
2204235
2204236
2204237
2204238
2204239
2204240
2204241
2204242
2204243
2204244
2204245
2204246
2204247
2204248
2204249
2204250
2204251
2204252
2204253
2204254
2204255
2204256
2204257
2204258
2204259
2204260
2204261
2204262
2204263
2204264
2204265
2204266
2204267
2204268
2204269
2204270
2204271
2204272
2204273
2204274
2204275
2204276
2204277
2204278
2204279
2204280
2204281
2204282
2204283
2204284
2204285
2204286
2204287
2204288
2204289
2204290
2204291
2204292
2204293
2204294
2204295
2204296
2204297
2204298
2204299
2204300
2204301
2204302
2204303
2204304
2204305
2204306
2204307
2204308
2204309
2204310
2204311
2204312
2204313
2204314
2204315
2204316
2204317
2204318
2204319
2204320
2204321
2204322
2204323
2204324
2204325
2204326
2204327
2204328
2204329
2204330
2204331
2204332
2204333
2204334
2204335
2204336
2204337
2204338
2204339
2204340
2204341
2204342
2204343
2204344
2204345
2204346
2204347
2204348
2204349
2204350
2204351
2204352
2204353
2204354
2204355
2204356
2204357
2204358
2204359
2204360
2204361
2204362
2204363
2204364
2204365
2204366
2204367
2204368
2204369
2204370
2204371
2204372
2204373
2204374
2204375
2204376
2204377
2204378
2204379
2204380
2204381
2204382
2204383
2204384
2204385
2204386
2204387
2204388
2204389
2204390
2204391
2204392
2204393
2204394
2204395
2204396
2204397
2204398
2204399
2204400
2204401
2204402
2204403
2204404
2204405
2204406
2204407
2204408
2204409
2204410
2204411
2204412
2204413
2204414
2204415
2204416
2204417
2204418
2204419
2204420
2204421
2204422
2204423
2204424
2204425
2204426
2204427
2204428
2204429
2204430
2204431
2204432
2204433
2204434
2204435
2204436
2204437
2204438
2204439
2204440
2204441
2204442
2204443
2204444
2204445
2204446
2204447
2204448
2204449
2204450
2204451
2204452
2204453
2204454
2204455
2204456
2204457
2204458
2204459
2204460
2204461
2204462
2204463
2204464
2204465
2204466
2204467
2204468
2204469
2204470
2204471
2204472
2204473
2204474
2204475
2204476
2204477
2204478
2204479
2204480
2204481
2204482
2204483
2204484
2204485
2204486
2204487
2204488
2204489
2204490
2204491
2204492
2204493
2204494
2204495
2204496
2204497
2204498
2204499
2204500
2204501
2204502
2204503
2204504
2204505
2204506
2204507
2204508
2204509
2204510
2204511
2204512
2204513
2204514
2204515
2204516
2204517
2204518
2204519
2204520
2204521
2204522
2204523
2204524
2204525
2204526
2204527
2204529
2204530
2204531
2204533
2204534
2204535
2204536
2204537
2204538
2204539
2204540
2204541
2204542
2204543
2204544
2204545
2204546
2204547
2204548
2204549
2204550
2204551
2204552
2204553
2204554
2204555
2204556
2204557
2204558
2204559
2204560
2204561
2204562
2204563
2204564
2204565
2204566
2204567
2204568
2204569
2204570
2204571
2204572
2204573
2204574
2204575
2204576
2204577
2204578
2204579
2204580
2204581
2204582
2204583
2204584
2204585
2204586
2204587
2204588
2204589
2204590
2204591
2204592
2204593
2204594
2204595
2204596
2204597
2204598
2204599
2204600
2204601
2204602
2204603
2204604
2204605
2204606
2204607
2204608
2204609
2204610
2204611
2204612
2204613
2204614
2204615
2204616
2204617
2204618
2204619
2204620
2204621
2204622
2204623
2204624
2204625
2204626
2204627
2204628
2204629
2204630
2204631
2204632
2204633
2204634
2204635
2204636
2204637
2204638
2204639
2204640
2204641
2204642
2204643
2204644
2204645
2204646
2204647
2204648
2204649
2204650
2204651
2204652
2204653
2204654
2204655
2204656
2204657
2204658
2204659
2204660
2204661
2204662
2204663
2204664
2204665
2204666
2204667
2204668
2204669
2204670
2204671
2204672
2204673
2204674
2204675
2204676
2204677
2204678
2204679
2204680
2204681
2204682
2204683
2204684
2204685
2204686
2204687
2204688
2204689
2204690
2204691
2204692
2204693
2204694
2204695
2204696
2204697
2204698
2204699
2204700
2204701
2204702
2204703
2204704
2204705
2204706
2204707
2204708
2204709
2204710
2204711
2204712
2204713
2204714
2204715
2204716
2204717
2204718
2204719
2204720
2204721
2204722
2204723
2204724
2204725
2204726
2204727
2204728
2204729
2204730
2204731
2204732
2204733
2204734
2204735
2204736
2204737
2204738
2204739
2204740
2204741
2204742
2204743
2204744
2204745
2204746
2204747
2204748
2204749
2204750
2204751
2204752
2204753
2204754
2204755
2204756
2204756
2204757
2204758
2204759
2204760
2204764
2204765
2204766
2204767
2204769
2204770
2204771
2204772
2204773
2204774
2204775
2204776
2204777
2204778
2204779
2204780
2204781
2204782
2204783
2204784
2204785
2204786
2204787
2204788
2204789
2204790
2204791
2204792
2204793
2204794
2204795
2204796
2204797
2204798
2204799
2204800
2204801
2204802
2204803
2204804
2204805
2204806
2204807
2204808
2204809
2204810
2204811
2204812
2204813
2204814
2204815
2204816
2204817
2204818
2204819
2204820
2204821
2204822
2204823
2204824
2204825
2204826
2204827
2204828
2204829
2204830
2204831
2204832
2204833
2204834
2204835
2204836
2204837
2204838
2204839
2204840
2204841
2204842
2204843
2204844
2204845
2204846
2204847
2204848
2204849
2204850
2204851
2204852
2204853
2204854
2204855
2204856
2204857
2204858
2204859
2204860
2204861
2204862
2204863
2204864
2204865
2204866
2204867
2204868
2204869
2204870
2204871
2204872
2204873
2204874
2204875
2204876
2204877
2204878
2204879
2204880
2204881
2204882
2204883
2204884
2204885
2204886
2204887
2204888
2204889
2204890
2204891
2204892
2204893
2204894
2204895
2204896
2204897
2204898
2204899
2204900
2204901
2204902
2204903
2204904
2204905
2204906
2204907
2204908
2204909
2204910
2204911
2204912
2204913
2204914
2204915
2204916
2204917
2204918
2204919
2204920
2204921
2204922
2204923
2204924
2204925
2204926
2204927
2204928
2204929
2204930
2204931
2204932
2204933
2204935
2204936
2204937
2204938
2204939
2204940
2204941
2204942
2204943
2204944
2204945
2204946
2204947
2204948
2204949
2204949
2204950
2204951
2204952
2204953
2204954
2204955
2204956
2204957
2204958
2204959
2204960
2204961
2204962
2204963
2204964
2204965
2204966
2204967
2204968
2204969
2204970
2204971
2204972
2204973
2204974
2204975
2204976
2204977
2204978
2204979
2204980
2204981
2204982
2204983
2204984
2204985
2204986
2204987
2204988
2204989
2204990
2204991
2204992
2204993
2204994
2204995
2204996
2204997
2204998
2204999
2204
2205000
2205001
2205002
2205003
2205004
2205005
2205006
2205007
2205008
2205009
2205010
2205011
2205012
2205013
2205014
2205015
2205016
2205017
2205018
2205019
2205020
2205021
2205022
2205023
2205024
2205025
2205026
2205027
2205028
2205029
2205030
2205031
2205032
2205033
2205034
2205035
2205036
2205037
2205038
2205039
2205040
2205041
2205042
2205043
2205044
2205045
2205046
2205047
2205048
2205049
2205050
2205051
2205052
2205053
2205054
2205055
2205056
2205057
2205058
2205059
2205060
2205061
2205062
2205063
2205064
2205065
2205066
2205067
2205068
2205069
2205070
2205071
2205072
2205073
2205074
2205075
2205076
2205077
2205078
2205079
2205080
2205081
2205082
2205083
2205084
2205085
2205086
2205087
2205088
2205089
2205090
2205091
2205092
2205093
2205094
2205095
2205096
2205097
2205098
2205099
2205100
2205101
2205102
2205103
2205104
2205105
2205106
2205107
2205108
2205109
2205110
2205111
2205112
2205113
2205113
2205114
2205115
2205116
2205117
2205118
2205119
2205120
2205121
2205122
2205123
2205124
2205125
2205126
2205127
2205128
2205129
2205130
2205131
2205132
2205133
2205134
2205135
2205136
2205137
2205138
2205139
2205140
2205141
2205142
2205143
2205144
2205145
2205146
2205147
2205148
2205149
2205150
2205151
2205152
2205153
2205154
2205155
2205156
2205157
2205158
2205159
2205160
2205161
2205162
2205163
2205164
2205165
2205166
2205167
2205168
2205169
2205170
2205171
2205172
2205173
2205174
2205175
2205176
2205176
2205177
2205178
2205179
2205180
2205181
2205182
2205183
2205184
2205185
2205186
2205187
2205188
2205189
2205190
2205191
2205192
2205193
2205193
2205194
2205195
2205196
2205197
2205198
2205199
2205200
2205201
2205202
2205203
2205204
2205205
2205206
2205207
2205208
2205209
2205210
2205211
2205212
2205213
2205214
2205215
2205216
2205217
2205218
2205219
2205220
2205221
2205222
2205223
2205224
2205225
2205226
2205227
2205228
2205229
2205230
2205231
2205232
2205233
2205234
2205235
2205236
2205237
2205238
2205238
2205239
2205240
2205241
2205242
2205243
2205244
2205244
2205245
2205246
2205247
2205248
2205249
2205250
2205251
2205252
2205253
2205254
2205255
2205256
2205257
2205258
2205259
2205260
2205260
2205261
2205262
2205263
2205264
2205265
2205266
2205267
2205268
2205269
2205270
2205271
2205272
2205273
2205274
2205275
2205276
2205277
2205278
2205279
2205280
2205281
2205282
2205283
2205284
2205285
2205286
2205287
2205288
2205289
2205290
2205291
2205292
2205293
2205294
2205295
2205296
2205297
2205298
2205299
2205300
2205301
2205302
2205303
2205304
2205305
2205306
2205307
2205308
2205309
2205310
2205311
2205312
2205313
2205314
2205315
2205316
2205317
2205318
2205319
2205320
2205321
2205322
2205323
2205324
2205325
2205326
2205327
2205328
2205329
2205330
2205331
2205332
2205333
2205334
2205335
2205336
2205337
2205338
2205339
2205340
2205341
2205342
2205343
2205344
2205345
2205346
2205347
2205348
2205349
2205350
2205351
2205352
2205353
2205354
2205355
2205356
2205357
2205358
2205359
2205360
2205361
2205362
2205363
2205364
2205365
2205366
2205367
2205368
2205369
2205370
2205371
2205372
2205373
2205374
2205375
2205376
2205377
2205378
2205379
2205380
2205381
2205382
2205383
2205384
2205385
2205386
2205387
2205388
2205389
2205390
2205391
2205392
2205393
2205394
2205395
2205396
2205397
2205398
2205399
2205400
2205401
2205402
2205403
2205404
2205405
2205406
2205407
2205408
2205409
2205410
2205411
2205412
2205413
2205414
2205415
2205416
2205417
2205418
2205419
2205420
2205421
2205422
2205423
2205424
2205425
2205426
2205427
2205428
2205429
2205430
2205431
2205432
2205433
2205434
2205435
2205436
2205437
2205438
2205439
2205440
2205441
2205442
2205443
2205444
2205445
2205446
2205447
2205448
2205449
2205450
2205451
2205452
2205453
2205454
2205455
2205456
2205457
2205458
2205459
2205460
2205461
2205462
2205463
2205464
2205465
2205466
2205467
2205468
2205469
2205470
2205471
2205472
2205473
2205474
2205475
2205476
2205477
2205478
2205479
2205480
2205481
2205482
2205483
2205484
2205485
2205486
2205487
2205488
2205489
2205490
2205491
2205492
2205493
2205494
2205495
2205496
2205497
2205498
2205499
2205500
2205501
2205502
2205503
2205504
2205505
2205506
2205507
2205508
2205509
2205510
2205511
2205512
2205513
2205514
2205515
2205516
2205517
2205518
2205519
2205520
2205521
2205522
2205523
2205524
2205525
2205526
2205527
2205528
2205529
2205530
2205531
2205532
2205533
2205534
2205535
2205536
2205537
2205538
2205539
2205540
2205541
2205542
2205543
2205544
2205545
2205546
2205547
2205548
2205549
2205550
2205551
2205552
2205553
2205554
2205555
2205556
2205557
2205558
2205559
2205560
2205561
2205562
2205563
2205564
2205565
2205566
2205567
2205568
2205569
2205570
2205571
2205572
2205573
2205574
2205575
2205576
2205577
2205578
2205579
2205580
2205581
2205582
2205583
2205584
2205585
2205586
2205587
2205588
2205589
2205590
2205591
2205592
2205593
2205594
2205595
2205596
2205597
2205598
2205599
2205600
2205601
2205602
2205603
2205604
2205605
2205606
2205607
2205608
2205609
2205610
2205611
2205612
2205613
2205614
2205615
2205616
2205617
2205618
2205619
2205620
2205621
2205622
2205623
2205624
2205625
2205626
2205627
2205628
2205629
2205630
2205631
2205632
2205633
2205634
2205635
2205636
2205637
2205638
2205639
2205640
2205641
2205642
2205643
2205644
2205645
2205646
2205647
2205648
2205649
2205650
2205651
2205652
2205653
2205654
2205655
2205656
2205657
2205658
2205659
2205660
2205661
2205662
2205663
2205664
2205665
2205666
2205667
2205668
2205669
2205670
2205671
2205672
2205673
2205674
2205675
2205676
2205677
2205678
2205679
2205680
2205681
2205682
2205683
2205684
2205685
2205686
2205687
2205688
2205689
2205690
2205691
2205692
2205693
2205694
2205695
2205696
2205697
2205698
2205699
2205700
2205701
2205702
2205703
2205704
2205705
2205706
2205707
2205708
2205709
2205710
2205711
2205712
2205713
2205714
2205715
2205716
2205717
2205717
2205718
2205719
2205720
2205721
2205722
2205723
2205724
2205725
2205726
2205727
2205728
2205729
2205730
2205731
2205732
2205733
2205734
2205735
2205736
2205737
2205738
2205739
2205740
2205741
2205742
2205743
2205744
2205745
2205746
2205747
2205748
2205749
2205750
2205751
2205752
2205753
2205754
2205755
2205756
2205757
2205758
2205759
2205760
2205761
2205762
2205763
2205764
2205765
2205766
2205767
2205768
2205769
2205770
2205771
2205772
2205773-2022
2205774
2205775
2205776
2205777
2205778
2205779
2205780
2205781
2205782
2205783
2205784
2205785
2205786
2205787
2205788
2205789
2205790
2205791
2205792
2205793
2205794
2205795
2205796
2205797
2205798
2205799
2205800
2205801
2205802
2205803
2205804
2205805
2205806
2205807
2205808
2205809
2205810
2205811
2205812
2205813
2205814
2205815
2205816
2205817
2205818
2205819
2205820
2205821
2205822
2205823
2205824
2205825
2205826
2205827
2205828
2205829
2205830
2205831
2205832
2205833
2205834
2205835
2205836
2205837
2205838
2205839
2205840
2205841
2205842
2205843
2205844
2205845
2205846
2205847
2205848
2205849
2205850
2205851
2205852
2205853
2205854
2205855
2205856
2205857
2205858
2205859
2205860
2205861
2205862
2205863
2205864
2205865
2205866
2205867
2205868
2205869
2205870
2205870
2205871
2205871
2205872
2205873
2205874
2205875
2205876
2205877
2205878
2205879
2205880
2205881
2205882
2205883
2205884
2205885
2205886
2205887
2205888
2205889
2205890
2205891
2205892
2205893
2205894
2205895
2205896
2205897
2205898
2205899
2205900
2205901
2205902
2205903
2205904
2205905
2205906
2205907
2205908
2205909
2205910
2205911
2205912
2205913
2205914
2205915
2205916
2205917
2205918
2205919
2205920
2205921
2205922
2205923
2205924
2205925
2205926
2205927
2205928
2205929
2205930
2205931
2205932
2205933
2205934
2205935
2205936
2205937
2205938
2205939
2205940
2205941
2205942
2205943
2205944
2205945
2205946
2205947
2205948
2205949
2205950
2205951
2205952
2205953
2205954
2205955
2205956
2205957
2205958
2205959
2205960
2205961
2205962
2205963
2205964
2205965
2205966
2205967
2205968
2205969
2205970
2205971
2205972
2205973
2205974
2205975
2205976
2205977
2205978
2205979
2205980
2205981
2205982
2205983
2205984
2205985
2205986
2205987
2205988
2205989
2205990
2205991
2205992
2205993
2205994
2205995
2205996
2205997
2205998
2205999
2205
2206000
2206001
2206002
2206003
2206004
2206005
2206006
2206007
2206008
2206009
2206010
2206011
2206012
2206013
2206014
2206015
2206016
2206017
2206018
2206019
2206020
2206021
2206022
2206023
2206024
2206025
2206026
2206027
2206028
2206029
2206030
2206031
2206032
2206033
2206034
2206035
2206036
2206037
2206038
2206039
2206040
2206041
2206042
2206043
2206044
2206045
2206046
2206047
2206048
2206049
2206050
2206051
2206052
2206053
2206054
2206055
2206056
2206057
2206058
2206059
2206060
2206061
2206062
2206063
2206064
2206065
2206066
2206067
2206068
2206069
2206070
2206071
2206072
2206073
2206074
2206075
2206076
2206077
2206078
2206079
2206080
2206081
2206082
2206083
2206084
2206085
2206086
2206087
2206088
2206089
2206090
2206091
2206092
2206093
2206094
2206095
2206096
2206097
2206098
2206099
2206100
2206101
2206102
2206103
2206104
2206105
2206106
2206107
2206108
2206109
2206110
2206111
2206112
2206113
2206114
2206115
2206116
2206117
2206118
2206119
2206120
2206121
2206122
2206123
2206124
2206125
2206126
2206127
2206128
2206129
2206130
2206131
2206132
2206133
2206134
2206135
2206136
2206137
2206138
2206139
2206140
2206141
2206142
2206143
2206144
2206145
2206146
2206147
2206148
2206149
2206150
2206151
2206152
2206153
2206154
2206155
2206156
2206157
2206158
2206159
2206160
2206161
2206162
2206163
2206164
2206165
2206166
2206167
2206168
2206169
2206170
2206171
2206172
2206173
2206174
2206175-2022
2206176
2206177
2206178
2206179
2206180
2206181
2206182
2206183
2206184
2206185
2206186
2206187
2206188
2206189
2206190
2206191
2206192
2206193
2206194
2206195
2206196
2206197
2206198
2206199
2206200
2206201
2206202
2206203
2206204
2206205
2206206
2206207
2206208
2206209
2206210
2206211
2206212
2206213
2206214
2206215
2206216
2206217
2206218
2206219
2206220
2206221
2206222
2206223
2206224
2206225
2206226
2206227
2206228
2206229
2206230
2206231
2206232
2206233
2206234
2206235
2206236
2206237
2206238
2206239
2206240
2206241
2206242
2206243
2206244
2206245
2206246
2206247
2206248
2206249
2206250
2206251
2206252
2206253
2206254
2206255
2206256
2206257
2206258
2206259
2206260
2206261
2206262
2206263
2206264
2206265
2206266
2206267
2206268
2206269
2206270
2206271
2206272
2206273
2206274
2206275
2206276
2206277
2206278
2206279
2206280
2206281
2206282
2206283
2206284
2206285
2206286
2206287
2206288
2206289
2206290
2206291
2206292
2206293
2206294
2206295
2206296
2206297
2206298
2206299
2206300
2206301
2206302
2206303
2206304
2206305
2206306
2206307
2206308
2206309
2206310
2206311
2206312
2206313
2206314
2206315
2206316
2206317
2206318
2206319
2206320
2206321
2206322
2206323
2206324
2206325
2206326
2206327
2206328
2206329
2206330
2206331
2206332
2206333
2206334
2206335
2206336
2206337
2206338
2206339
2206340
2206341
2206342
2206343
2206344
2206345
2206346
2206347
2206348
2206349
2206350
2206351
2206352
2206353
2206354
2206354
2206355
2206356
2206357
2206358
2206359
2206360
2206361
2206362
2206363
2206364
2206365
2206366
2206367
2206368
2206369
2206370
2206371
2206372
2206373
2206374
2206375
2206376
2206377
2206378
2206379
2206380
2206381
2206382
2206383
2206384
2206385
2206386
2206387
2206388
2206389
2206390
2206391
2206392
2206393
2206394
2206395
2206396
2206397
2206398
2206399
2206400
2206401
2206402
2206403
2206404
2206405
2206406
2206407
2206408
2206409
2206410
2206411
2206412
2206413
2206414
2206415
2206416
2206417
2206418
2206419
2206420
2206421
2206422
2206423
2206424
2206425
2206426
2206427
2206428
2206429
2206430
2206431
2206432
2206433
2206434
2206435
2206436
2206437
2206438
2206439
2206440
2206441
2206441
2206442
2206443
2206444
2206445
2206446
2206447
2206448
2206448
2206449
2206450
2206451
2206452
2206453
2206454
2206455
2206456
2206457
2206458
2206459
2206460
2206461
2206462
2206463
2206464
2206465
2206466
2206467
2206468
2206469
2206470
2206471
2206472
2206473
2206474
2206475
2206476
2206477
2206478
2206479
2206480
2206481
2206482
2206483
2206484
2206485
2206486
2206487
2206488
2206489
2206490
2206491
2206492
2206493
2206494
2206495
2206496
2206497
2206498
2206499
2206500
2206501
2206502
2206503
2206504
2206505
2206506
2206507
2206508
2206509
2206510
2206511
2206512
2206513
2206514
2206515
2206516
2206517
2206518
2206519
2206520
2206521
2206522
2206523
2206524
2206525
2206526
2206527
2206528
2206529
2206530
2206531
2206532
2206533
2206534
2206535
2206536
2206537
2206538
2206539
2206540
2206541
2206542
2206543
2206544
2206545
2206546
2206547
2206548
2206549
2206550
2206551
2206552
2206553
2206554
2206555
2206556
2206557
2206558
2206559
2206560
2206561
2206562
2206563
2206564
2206565
2206566
2206567
2206568
2206569
2206570
2206571
2206572
2206573
2206574
2206575
2206576
2206577
2206578
2206579
2206580
2206581
2206582
2206583
2206584
2206585
2206586
2206587
2206588
2206589
2206590
2206591
2206592
2206593
2206594
2206595
2206596
2206597
2206598
2206599
2206600
2206601
2206602
2206603
2206604
2206605
2206606
2206607
2206608
2206609
2206610
2206611
2206612
2206613
2206614
2206615
2206616
2206617
2206618
2206619
2206620
2206621
2206622
2206623
2206624
2206625
2206626
2206627
2206628
2206629
2206630
2206631
2206632
2206633
2206634
2206635
2206636
2206637
2206638
2206639
2206640
2206641
2206642
2206643
2206644
2206645
2206646
2206647
2206648
2206649
2206650
2206651
2206652
2206653
2206654
2206655
2206656
2206657
2206658
2206659
2206660
2206661
2206662
2206663
2206664
2206665
2206666
2206667
2206668
2206669
2206670
2206671
2206672
2206673
2206674
2206675
2206676
2206677
2206678
2206679
2206680
2206681
2206682
2206683
2206684
2206685
2206686
2206687
2206688
2206689
2206690
2206691
2206692
2206693
2206694
2206695
2206696
2206697
2206698
2206699
2206700
2206701
2206702
2206703
2206704
2206705
2206706
2206707
2206708
2206709
2206710
2206711
2206712
2206713
2206714
2206715
2206716
2206717
2206718
2206719
2206720
2206721
2206722
2206723
2206724
2206725
2206726
2206727
2206728
2206729
2206730
2206731
2206732
2206733
2206734
2206735
2206736
2206737
2206738
2206739
2206740
2206741
2206742
2206743
2206744
2206745
2206746
2206747
2206748
2206749
2206750
2206751
2206752
2206753
2206754
2206755
2206756
2206757
2206758
2206759
2206760
2206761
2206762
2206763
2206764
2206765
2206766
2206767
2206768
2206769
2206770
2206771
2206772
2206773
2206774
2206775
2206776
2206777
2206778
2206779
2206780
2206781
2206782
2206783
2206784
2206785
2206786
2206787
2206788
2206789
2206790
2206791
2206792
2206793
2206794
2206795
2206796
2206797
2206798
2206799
2206800
2206801
2206802
2206803
2206804
2206805
2206806
2206807
2206808
2206809
2206810
2206811
2206812
2206813
2206814
2206815
2206816
2206817
2206818
2206819
2206820
2206821
2206822
2206823
2206824
2206825
2206826
2206827
2206828
2206829
2206830
2206831
2206832
2206833
2206834
2206835
2206836
2206837
2206838
2206839
2206840
2206841
2206842
2206843
2206844
2206845
2206846
2206847
2206848
2206849
2206850
2206851
2206852
2206853
2206854
2206855
2206856
2206857
2206858
2206859
2206860
2206861
2206862
2206863
2206864
2206865
2206866
2206867
2206868
2206869
2206870
2206871
2206872
2206873
2206874
2206875
2206876
2206877
2206878
2206879
2206880
2206881
2206882
2206883
2206884
2206885
2206886
2206887
2206888
2206889
2206890
2206891
2206892
2206893
2206894
2206895
2206896
2206897
2206898
2206899
2206900
2206901
2206902
2206903
2206904
2206905
2206906
2206907
2206908
2206909
2206910
2206911
2206912
2206913
2206914
2206915
2206916
2206917
2206918
2206919
2206920
2206921
2206922
2206923
2206924
2206925
2206926
2206927
2206928
2206929
2206930
2206931
2206932
2206933
2206934
2206935
2206936
2206937
2206938
2206939
2206940
2206941
2206942
2206943
2206944
2206945
2206946
2206947
2206948
2206949
2206950
2206951
2206952
2206953
2206954
2206955
2206956
2206957
2206958
2206959
2206960
2206961
2206962
2206963
2206964
2206965
2206966
2206967
2206968
2206969
2206970
2206971
2206972
2206973
2206974
2206975
2206976
2206977
2206978
2206979
2206980
2206981
2206982
2206983
2206984
2206985
2206986
2206987
2206988
2206989
2206990
2206991
2206992
2206993
2206994
2206995
2206996
2206997
2206998
2206999
2206
2207000
2207001
2207002
2207003
2207004
2207005
2207006
2207007
2207008
2207009
2207010
2207011
2207012
2207013
2207014
2207015
2207016
2207017
2207018
2207019
2207020
2207021
2207022
2207023
2207024
2207025
2207026
2207027
2207028
2207029
2207030
2207031
2207032
2207033
2207034
2207035
2207036
2207037
2207038
2207039
2207040
2207041
2207042
2207043
2207044
2207045
2207046
2207047
2207048
2207049
2207050
2207051
2207052
2207053
2207054
2207055
2207056
2207057
2207058
2207059
2207060
2207061
2207062
2207063
2207064
2207065
2207066
2207067
2207068
2207069
2207070
2207071
2207072
2207073
2207074
2207075
2207076
2207077
2207078
2207079
2207080
2207081
2207082
2207083
2207084
2207085
2207086
2207087
2207088
2207089
2207090
2207091
2207092
2207093
2207094
2207095
2207096
2207097
2207098
2207099
2207100
2207101
2207102
2207103
2207104
2207105
2207106
2207107
2207108
2207109
2207110
2207111
2207112
2207113
2207114
2207115
2207116
2207117
2207118
2207119
2207120
2207121
2207122
2207123
2207124
2207125
2207126
2207127
2207128
2207129
2207130
2207131
2207132
2207133
2207134
2207135
2207136
2207137
2207138
2207139
2207140
2207141
2207142
2207143
2207144
2207145
2207146
2207147
2207148
2207149
2207150
2207151
2207152
2207153
2207154
2207155
2207156
2207157
2207158
2207159
2207160
2207161
2207162
2207163
2207164
2207165
2207166
2207167
2207168
2207169
2207170
2207171
2207172
2207173
2207174
2207175
2207176
2207177
2207178
2207179
2207180
2207181
2207182
2207183
2207184
2207185
2207186
2207187
2207188
2207189
2207190
2207191
2207192
2207193
2207194
2207195
2207196
2207197
2207198
2207199
2207200
2207201
2207202
2207203
2207204
2207205
2207206
2207207
2207208
2207209
2207210
2207211
2207212
2207213
2207214
2207215
2207216
2207217
2207218
2207219
2207220
2207221
2207222
2207223
2207224
2207225
2207226
2207227
2207228
2207229
2207230
2207231
2207232
2207233
2207234
2207235
2207236
2207237
2207238
2207239
2207240
2207241
2207242
2207243
2207244
2207245
2207246
2207247
2207248
2207249
2207250
2207251
2207252
2207253
2207254
2207255
2207256
2207257
2207258
2207259
2207260
2207261
2207262
2207263
2207264
2207265
2207266
2207267
2207268
2207269
2207270
2207271
2207272
2207273
2207274
2207275
2207276
2207277
2207278
2207279
2207280
2207281
2207282
2207283
2207284
2207285
2207286
2207287
2207288
2207289
2207290
2207291
2207292
2207293
2207294
2207295
2207296
2207297
2207298
2207299
2207300
2207301
2207302
2207303
2207304
2207305
2207306
2207307
2207308
2207309
2207310
2207311
2207312
2207313
2207314
2207315
2207316
2207317
2207318
2207319
2207320
2207321
2207322
2207323
2207324
2207325
2207326
2207327
2207328
2207329
2207330
2207331
2207332
2207333
2207334
2207335
2207336
2207337
2207338
2207339
2207340
2207341
2207342
2207343
2207344
2207345
2207346
2207347
2207348
2207349
2207350
2207351
2207352
2207353
2207354
2207355
2207356
2207357
2207358
2207359
2207360
2207361
2207362
2207363
2207364
2207365
2207366
2207367
2207368
2207369
2207370
2207371
2207372
2207373
2207374
2207375
2207376
2207377
2207378
2207379
2207380
2207381
2207382
2207383
2207384
2207385
2207386
2207387
2207388
2207389
2207390
2207391
2207392
2207393
2207394
2207395
2207396
2207397
2207398
2207399
2207400
2207401
2207402
2207403
2207404
2207405
2207406
2207407
2207408
2207409
2207410
2207411
2207412
2207413
2207414
2207415
2207416
2207417
2207418
2207419
2207420
2207421
2207422
2207423
2207424
2207425
2207426
2207427
2207428
2207429
2207430
2207431
2207432
2207433
2207434
2207435
2207436
2207437
2207438
2207439
2207440
2207441
2207442
2207443
2207444
2207445
2207446
2207447
2207448
2207449
2207450
2207451
2207452
2207453
2207454
2207455
2207456
2207457
2207458
2207459
2207460
2207461
2207462
2207463
2207464
2207465
2207466
2207467
2207468
2207469
2207470
2207471
2207472
2207473
2207474
2207475
2207476
2207477
2207478
2207479
2207480
2207481
2207482
2207483
2207484
2207485
2207486
2207487
2207488
2207489
2207490
2207491
2207492
2207493
2207494
2207495
2207496
2207497
2207498
2207499
2207500
2207501
2207502
2207503
2207504
2207505
2207506
2207507
2207508
2207509
2207510
2207511
2207512
2207513
2207514
2207515
2207516
2207517
2207518
2207519
2207520
2207521
2207522
2207523
2207524
2207525
2207526
2207527
2207528
2207529
2207530
2207531
2207532
2207533
2207534
2207535
2207536
2207537
2207538
2207539
2207540
2207541
2207542
2207543
2207544
2207545
2207546
2207547
2207548
2207549
2207550
2207551
2207552
2207553
2207554
2207555
2207556
2207557
2207558
2207559
2207560
2207561
2207562
2207563
2207564
2207565
2207566
2207567
2207568
2207569
2207570
2207571
2207572
2207573
2207574
2207575
2207576
2207577
2207578
2207579
2207580
2207581
2207582
2207583
2207584
2207585
2207586
2207587
2207587
2207587
2207588
2207589
2207590
2207591
2207592
2207593
2207593
2207594
2207595
2207596
2207597
2207598
2207599
2207600
2207601
2207602
2207603
2207604
2207605
2207606
2207607
2207608
2207609
2207610
2207611
2207612
2207613
2207614
2207615
2207616
2207617
2207618
2207619
2207620
2207621
2207622
2207623
2207624
2207625
2207626
2207627
2207628
2207629
2207630
2207631
2207632
2207633
2207634
2207635
2207636
2207637
2207638
2207639
2207640
2207641
2207642
2207643
2207644
2207645
2207646
2207647
2207648
2207649
2207650
2207651
2207652
2207653
2207654
2207655
2207656
2207657
2207658
2207659
2207660
2207661
2207662
2207663
2207664
2207665
2207666
2207667
2207668
2207669
2207670
2207671
2207672
2207673
2207674
2207675
2207676
2207677
2207678
2207679
2207680
2207681
2207682
2207683
2207684
2207685
2207686
2207687
2207688
2207689
2207690
2207691
2207692
2207693
2207694
2207695
2207696
2207697
2207698
2207699
2207700
2207701
2207702
2207703
2207704
2207705
2207706
2207707
2207708
2207709
2207710
2207711
2207712
2207713
2207714
2207715
2207716
2207717
2207718
2207719
2207720
2207721
2207722
2207723
2207724
2207725
2207726
2207727
2207728
2207729
2207730
2207731
2207732
2207733
2207734
2207735
2207736
2207737
2207738
2207739
2207740
2207741
2207742
2207743
2207744
2207745
2207746
2207747
2207748
2207749
2207750
2207752
2207753
2207754
2207755
2207756
2207757
2207758
2207759
2207
2208
2209
220
2210
2211
2212
2213
2214
2215
2216
2217
2218
2219
221
2220
2221
2222
2223
2224
2225
2226
2227
2228
2229
222
2230
2231
2232
2233
2234
2235
2236
2237
2238
2239
223
2240
2241
2242
2243
2244
2245
2246
2247
2248
2249
224
2250
2251
2252
2253
2254
2255
2256
2257
2258
2259
225
2260
2261
2262
2263
2264
2265
2266
2267
2268
2269
226
2270
2271
2272
2273
2274
2275
2276
2277
2278
2279
227
2280
2281
2282
2283
2284
2285
2286
2287
2288
2289
228
2290
2291
2292
2293
2294
2295
2296
2297
2298
2299
229
22
2300
2301
2302
2303
2304
2305
2306
2307
2308
2309
230
2310
2311
2312
2313
2314
2315
2316
2317
2318
2319
231
2320
2321
2322
2323
2324
2325
2326
2327
2328
2329
232
2330
2331
2332
2333
2334
2335
2336
2337
2338
2339
233
2340
2341
2342
2342
2343
2344
2344
2345
2346
2347
2348
2349
234
2350
2351
2352
2353
2354
2355
2356
2357
2358
2359
235
2360
2361
2362
2363
2364
2365
2366
2367
2368
2369
236
2370
2371
2372
2373
2374
2375
2375
2376
2377
2378
2379
237
2380
2381
2382
2383
2384
2385
2386
2387
2388
2389
2389
2389
238
2390
2391
2392
2393
2394
2395
2396
2397
2398
2399
239
23
2400
2401
2402
2403
2404
2405
2406
2407
2408
2409
240
2410
2411
2412
2413
2414
2415
2416
2417
2418
2419
241
2420
2421
2422
2423
2424
2425
2426
2427
2428
2429
242
2430
2431
2432
2433
2434
2435
2436
2437
2438
2439
243
2440
2441
2442
2443
2444
2445
2446
2447
2448
2449
244
2450
2451
2452
2453
2455
2456
2457
2458
2459
245
2460
2461
2462
2463
2464
2465
2466
2467
2468
2469
246
2470
2471
2472
2473
2474
2475
2476
2477
2478
2479
247
2480
2481
2482
2483
2484
2485
2486
2487
2488
2489
248
2490
2491
2492
2493
2494
2495
2496
2497
2498
2499
249
24
2500
2501
2502
2503
2504
2505
2506
2507
2508
2509
250
2510
2511
2512
2513
2514
2515
2516
2517
2518
2519
251
2520
2521
2522
2523
2525
2526
2527
2528
2529
252
2530
2531
2532
2533
2534
2535
2536
2537
2538
2539
253
2540
2541
2542
2543
2544
2545
2546
2547
2548
2549
254
2550
2551
2552
2553
2554
2555
2556
2557
2558
2559
255
2560
2561
2562
2563
2564
2565
2566
2567
2568
2569
256
2570
2571
2572
2573
2574
2575
2576
2577
2578
2579
257
2580
2581
2582
2583
2584
2585
2586
2587
2588
2589
258
2590
2591
2592
2593
2594
2595
2596
2597
2598
2599
259
25
2600
2601
2602
2603
2604
2605
2606
2607
2608
2609
260
2610
2611
2612
2613
2614
2615
2616
2617
2618
2619
261
2620
2621
2622
2623
2624
2625
2626
2627
2628
2629
262
2630
2631
2632
2633
2634
2635
2636
2637
2638
2639
263
2640
2641
2642
2643
2644
2645
2646
2647
2648
2649
264
2650
2651
2652
2653
2654
2655
2656
2657
2658
2659
265
2660
2662
2663
2664
2665
2666
2667
2668
2669
266
2670
2671
2672
2673
2674
2675
2676
2677
2678
2679
267
2680
2681
2682
2683
2684
2685
2686
2687
2688
2689
268
2690
2691
2692
2693
2694
2695
2696
2697
2698
2699
269
26
2700
2701
2702
2703
2704
2705
2706
2707
2708
2709
270
2710
2711
2712
2713
2714
2715
2716
2717
2718
2719
271
2720
2721
2722
2723
2724
2725
2726
2727
2728
2729
272
2730
2731
2732
2733
2734
2735
2736
2737
2738
2739
273
2740
2741
2742
2743
2744
2745
2746
2747
2748
2749
274
2750
2751
2752
2753
2754
2755
2756
2757
2758
2759
275
2760
2761
2762
2763
2764
2765
2766
2767
2768
2769
276
2770
2771
2772
2773
2774
2775
2776
2777
2778
277
2780
2781
2782
2783
2784
2785
2786
2787
2788
2789
278
2790
2791
2792
2793
2794
2795
2796
2797
2798
2799
279
27
2800
2801
2802
2803
2804
2805
2806
2807
2808
2809
280
2810
2811
2812
2813
2814
2815
2816
2817
2818
2819
281
2820
2821
2822
2823
2824
2825
2826
2827
2828
2829
282
2830
2831
2832
2833
2834
2835
2836
2837
2838
2839
283
2840
2841
2842
2843
2844
2845
2846
2847
2848
2849
284
2850
2851
2852
2853
2854
2855
2856
2857
2858
2859
285
2860
2861
2862
2863
2864
2865
2866
2867
2868
2869
286
2870
2871
2872
2873
2874
2875
2876
2877
2878
2879
287
2880
2881
2882
2883
2884
2885
2886
2887
2888
2889
288
2890
2891
2892
2895
2896
2897
2898
2899
289
28
2900
2901
2902
2903
2904
2905
2906
2907
2908
2909
290
2910
2911
2912
2913
2914
2915
2916
2917
2918
2919
291
2920
2921
2922
2923
2924
2925
2926
2927
2928
2929
292
2930
2931
2932
2933
2934
2935
2936
2937
2938
2939
293
2940
2941
2942
2943
2944
2945
2946
2947
2948
2949
294
2950
2951
2952
2953
2954
2955
2956
2957
2958
2959
295
2960
2961
2962
2963
2964
2965
2966
2967
2968
2969
296
2970
2971
2972
2973
2974
2975
2976
2977
2978
2979
297
2980
2981
2982
2983
2984
2985
2986
2987
2988
2989
298
2990
2991
2992
2993
2994
2995
2996
2997
2998
2999
299
29
2
3000
3001
3002
3003
3004
3005
3006
3007
3008
3009
300
3010
3011
3012
3013
3014
3015
3016
3017
3018
3019
3019
301
3020
3021
3022
3023
3024
3025
3026
3027
3028
3029
302
3030
3031
3032
3033
3034
3035
3036
3037
3038
3039
303
3040
3041
3042
3043
3044
3045
3046
3047
3048
3049
304
3050
3051
3052
3053
3054
3055
3056
3057
3058
3059
305
3060
3061
3062
3063
3064
3065
3066
3067
3068
3069
306
3070
3071
3072
3073
3074
3075
3076
3077
3078
3079
307
3080
3081
3082
3083
3084
3085
3086
3087
3088
3089
308
3090
3091
3092
3093
3094
3095
3096
3097
3098
3099
309
30
3100
3101
3102
3103
3104
3105
3106
3107
3108
3109
310
3110
3111
3112
3113
3114
3115
3116
3117
3118
3119
311
3120
3121
3122
3123
3124
3125
3126
3127
3128
3129
312
3130
3131
3132
3133
3134
3135
3136
3137
3138
3139
313
3140
3141
3142
3143
3144
3145
3146
3147
3148
3149
314
3150
3151
3152
3153
3154
3154
3155
3156
3157
3158
3159
315
3161
3162
3163
3164
3165
3166
3167
3168
3169
316
3170
3171
3172
3173
3174
3175
3176
3177
3178
317
3180
3181
3182
3183
3184
3185
3186
3187
3188
3189
318
3190
3191
3192
3193
3194
3194
3194
3195
3196
3197
3198
3199
319
31
3200
3201
3202
3203
3204
3205
3206
3207
3208
3209
320
3210
3211
3212
3213
3214
3215
3216
3217
3218
3219
321
3220
3221
3222
3223
3224
3225
3226
3227
3228
3229
322
3230
3231
3232
3233
3234
3235
3236
3237
3238
3239
323
3240
3241
3242
3243
3244
3245
3246
3247
3248
3249
324
3250
3251
3252
3253
3254
3255
3256
3257
3258
3259
325
3260
3261
3262
3263
3264
3265
3266
3267
3268
3269
326
3270
3271
3272
3273
3274
3275
3276
3277
3278
3279
327
3280
3281
3282
3283
3284
3285
3286
3287
3288
3289
328
3290
3291
3292
3293
3294
3295
3297
3298
3299
329
32
3300
3301
3302
3303
3304
3305
3305
3306
3307
3308
3309
330
3310
3311
3312
3313
3314
3315
3316
3317
3318
3319
331
3320
3321
3322
3323
3324
3325
3326
3327
3328
3329
332
3330
3331
3332
3333
3334
3335
3336
3337
3338
3339
333
3340
3341
3342
3343
3344
3345
3346
3346
3347
3348
3349
334
3350
3351
3352
3353
3354
3355
3356
3357
3358
3359
335
3360
3361
3362
3363
3364
3365
3366
3367
3368
3369
336
3370
3371
3372
3373
3374
3375
3376
3376
3377
3378
3379
337
3380
3381
3382
3383
3384
3385
3386
3387
3388
3389
338
3390
3391
3392
3393
3394
3395
3396
3397
3398
3399
339
33
3400
3401
3402
3403
3404
3405
3406
3407
3408
3409
340
3410
3411
3412
3413
3414
3415
3416
3417
3418
3419
341
3420
3421
3422
3423
3424
3425
3426
3427
3428
3429
342
3430
3430
3431
3432
3433
3434
3435
3436
3437
3438
3439
343
3440
3441
3442
3443
3444
3445
3446
3447
3448
3449
344
3450
3451
3452
3453
3454
3455
3456
3457
3458
3459
345
3460
3461
3462
3463
3464
3465
3466
3467
3468
3469
346
3470
3471
3472
3473
3474
3475
3476
3477
3478
3479
347
3480
3481
3482
3483
3484
3485
3486
3487
3488
3489
348
3490
3491
3492
3493
3494
3495
3496
3497
3498
3499
349
34
3500
3501
3502
3503
3504
3505
3506
3507
3508
3509
350
3510
3510
3511
3512
3513
3514
3514
3515
3516
3517
3518
3519
351
3520
3521
3522
3523
3524
3525
3526
3527
3528
3529
352
3530
3530
3531
3532
3533
3534
3535
3536
3537
3538
3539
353
3540
3541
3542
3543
3544
3545
3546
3547
3548
3549
354
3550
3551
3552
3553
3555
3556
3557
3558
3559
355
3560
3561
3562
3563
3564
3565
3566
3567
3567
3568
3569
356
3570
3571
3572
3573
3574
3575
3576
3577
3578
3579
357
3580
3581
3583
3584
3585
3586
3587
3588
3589
358
3590
3591
3592
3593
3594
3595
3596
3597
3598
3599
359
35
3600
3601
3602
3603
3604
3605
3606
3607
3608
3609
360
3610
3611
3612
3613
3614
3615
3616
3617
3618
3619
361
3620
3621
3622
3623
3624
3625
3626
3627
3628
3629
362
3630
3631
3632
3633
3634
3635
3636
3637
3638
3639
363
3640
3641
3642
3643
3644
3645
3646
3647
3648
3649
364
3650
3651
3652
3653
3654
3655
3656
3657
3658
3659
365
3660
3661
3662
3663
3665
3666
3667
3668
3669
366
3670
3671
3672
3673
3674
3675
3676
3677
3678
3679
367
3680
3681
3682
3683
3684
3685
3686
3687
3688
3689
368
3690
3691
3692
3693
3693
3694
3694
3695
3696
3697
3698
3699
369
36
3700
3701
3702
3703
3704
3705
3706
3707
3708
3709
370
3710
3711
3712
3713
3714
3715
3716
3717
3718
3719
371
3720
3721
3722
3723
3724
3725
3726
3727
3728
3729
372
3730
3731
3732
3733
3734
3735
3736
3737
3738
3739
373
3740
3741
3742
3743
3744
3745
3746
3747
3748
3749
374
3750
3751
3752
3753
3754
3755
3756
3757
3759
375
3760
3761
3762
3763
3764
3765
3766
3767
3768
3769
376
3770
3771
3772
3773
3774
3775
3776
3777
3778
3779
377
3780
3781
3782
3783
3784
3785
3786
3787
3788
3789
378
3790
3791
3792
3793
3794
3795
3796
3797
3798
3799
379
37
3800
3801
3802
3803
3804
3805
3806
3807
3808
3809
380
3810
3811
3812
3813
3814
3815
3816
3817
3818
3818
3819
381
3820
3821
3822
3823
3824
3825
3826
3827
3828
3829
382
3830
3831
3832
3833
3834
3835
3836
3837
3838
3839
383
3840
3841
3842
3843
3844
3845
3846
3847
3848
3849
384
3850
3851
3852
3854
3855
3856
3857
3858
3859
385
3860
3861
3862
3863
3864
3865
3866
3867
3868
3869
386
3870
3871
3872
3873
3874
3876
3877
3878
3879
387
3880
3881
3882
3883
3884
3885
3886
3887
3888
3888
3889
388
3890
3891
3892
3893
3894
3895
3896
3897
3898
3899
389
38
3900
3901
3902
3903
3904
3905
3906
3907
3908
3909
390
3910
3911
3912
3913
3914
3915
3916
3917
3918
3919
391
3920
3921
3922
3923
3924
3925
3926
3927
3928
3929
392
3930
3931
3932
3933
3934
3935
3936
3937
3938
3939
393
3940
3941
3942
3943
3944
3945
3946
3947
3948
3949
394
3950
3951
3952
3953
3954
3955
3956
3957
3958
3959
395
3960
3961
3962
3963
3965
3966
3967
3968
3969
396
3970
3971
3972
3973
3974
3975
3976
3977
3978
3979
397
3980
3981
3982
3983
3984
3985
3986
3987
3988
3989
398
3990
3991
3992
3993
3994
3995
3996
3997
3998
3999
399
39
3
4000
4001
4002
4003
4004
4005
4006
4007
4008
4009
400
4010
4011
4012
4013
4014
4015
4016
4017
4018
4019
401
4020
4021
4022
4023
4024
4025
4026
4027
4028
4029
402
4030
4031
4032
4033
4034
4035
4036
4037
4038
4039
403
4040
4041
4042
4043
4044
4045
4046
4047
4048
4049
404
4050
4051
4052
4053
4054
4055
4056
4057
4058
4059
405
4060
4061
4062
4063
4064
4065
4066
4067
4068
4069
406
4070
4071
4072
4073
4074
4075
4076
4077
4078
4078
4078
4079
407
4080
4081
4082
4084
4085
4086
4087
4088
4089
408
4090
4091
4092
4093
4094
4095
4096
4097
4098
4099
409
40
4100
4101
4102
4103
4105
4106
4107
4108
4109
410
4110
4111
4112
4113
4114
4115
4116
4117
4118
4119
411
4120
4121
4122
4123
4124
4125
4126
4127
4128
4129
412
4130
4131
4132
4133
4134
4135
4136
4137
4138
4139
413
4140
4141
4142
4143
4144
4145
4146
4147
4148
4149
414
4150
4151
4152
4153
4154
4155
4156
4157
4158
4159
415
4160
4161
4162
4163
4164
4165
4166
4167
4168
4169
416
4170
4171
4172
4173
4174
4175
4176
4177
4178
4179
417
4180
4181
4183
4184
4185
4186
4187
4189
418
4190
4191
4192
4193
4194
4195
4196
4197
4198
4199
419
41
4200
4201
4202
4202
4203
4204
4205
4206
4207
4208
4209
420
4210
4211
4212
4213
4214
4215
4216
4217
4218
4219
421
4220
4221
4222
4223
4224
4225
4226
422
423
424
425
426
427
428
429
42
430
431
432
433
434
435
436
437
438
439
43
440
441
442
443
444
445
446
447
448
449
44
450
451
452
453
454
455
456
457
458
459
45
460
461
462
463
463
464
465
466
467
468
469
46
470
471
472
473
474
475
476
477
478
479
47
480
481
482
483
484
485
486
487
488
489
48
490
491
492
493
494
495
496
497
498
499
49
4
500
501
502
503
504
505
506
507
508
509
50
510
511
512
513
514
515
516
517
518
519
51
520
521
522
523
524
525
526
527
528
529
52
530
531
532
533
534
535
536
537
538
539
53
540
541
542
543
544
545
546
547
548
549
54
550
551
552
553
554
555
556
557
558
559
55
560
561
562
563
564
565
566
567
568
569
56
570
571
572
573
574
575
576
577
578
579
57
580
581
582
583
584
585
586
587
588
589
58
590
591
592
593
594
595
596
597
598
599
59
5
600
601
602
603
604
605
606
607
608
609
60
610
611
612
613
614
615
616
617
618
619
61
620
621
622
623
624
625
626
627
628
629
62
630
631
632
633
634
635
636
637
638
639
63
640
641
642
643
644
645
646
647
648
649
64
650
651
652
653
654
655
656
657
658
659
65
660
661
662
663
664
665
666
667
668
669
66
670
671
672
673
674
675
676
677
678
679
67
680
681
682
683
684
685
686
687
688
689
68
690
691
692
693
694
695
696
697
698
699
69
6
700
701
702
703
704
705
706
707
708
709
70
710
711
712
713
714
715
716
717
718
719
71
720
721
722
723
724
725
726
727
728
729
72
730
731
732
733
734
735
736
737
738
739
73
740
741
742
743
745
746
747
748
749
74
750
751
752
753
754
754
755
756
757
758
759
75
760
761
762
763
764
765
766
767
768
769
76
770
771
772
773
774
775
776
777
778
778
779
77
780
781
782
783
784
785
786
787
788
789
78
790
791
792
793
794
795
796
797
798
799
79
7
800
801
802
803
804
805
806
807
808
809
80
810
811
812
813
814
815
816
817
818
819
81
820
821
822
823
824
825
826
827
828
829
82
830
831
832
833
834
835
836
837
838
839
83
840
841
842
843
844
845
846
847
848
849
84
850
851
852
853
854
855
856
857
857
858
859
85
860
861
862
863
864
865
866
867
868
869
86
870
871
872
873
874
875
876
877
878
879
87
880
881
882
883
884
885
886
887
888
889
88
890
891
892
893
894
895
896
897
898
899
89
8
900
901
902
903
904
905
906
907
908
909
90
910
912
914
915
916
917
918
919
91
920
921
922
923
924
925
926
927
928
929
92
930
931
932
933
934
935
936
936
937
938
939
93
940
941
942
943
944
945
946
947
948
949
94
950
951
952
953
954
955
956
957
958
959
95
960
961
962
963
964
965
966
967
968
969
96
970
971
972
973
974
975
976
977
978
979
97
980
981
982
983
984
985
986
987
988
989
98
990
991
992
993
994
995
996
997
998
999
99
9
